9.50000 0.000000000000000 0.000000000000000
9.58974 0.000000000000000 0.000000000000000
9.67949 0.000000000000000 0.000000000000000
9.76923 0.000000000000000 0.000000000000000
9.85897 0.000000000000000 0.000000000000000
9.94872 0.000000000000000 0.000000000000000
10.03846 0.000000000000000 0.000000000000000
10.12821 0.000000000000000 0.000000000000000
10.21795 0.000000000000000 0.000000000000000
10.30769 0.000000000000000 0.000000000000000
10.39744 0.000000000000000 0.000000000000000
10.48718 0.000000159374088 0.000000057270668
10.57692 0.000000884243727 0.000000134899204
10.66667 0.000001860447605 0.000000195673546
10.75641 0.000005453105250 0.000000335000407
10.84615 0.000013691691114 0.000000530825699
10.93590 0.000039359745808 0.000000900014563
11.02564 0.000098220803045 0.000001421756212
11.11538 0.000170547675825 0.000001873468074
11.20513 0.000206825497301 0.000002063124482
11.29487 0.000208578339198 0.000002071848506
11.38462 0.000159005910372 0.000001808964432
11.47436 0.000094522224135 0.000001394730699
11.56410 0.000048344830677 0.000000997466723
11.65385 0.000023062297962 0.000000688929344
11.74359 0.000008358773284 0.000000414757900
11.83333 0.000002765879747 0.000000238583300
11.92308 0.000001338865086 0.000000165993775
12.01282 0.000000411017664 0.000000091971578
12.10256 0.000000161818560 0.000000057708204
12.19231 0.000000022951333 0.000000021733384
12.28205 0.000000035695998 0.000000027103986
12.37179 0.000000000000000 0.000000000000000
12.46154 0.000000026809334 0.000000023489102
12.55128 0.000000000000000 0.000000000000000
12.64103 0.000000000000000 0.000000000000000
12.73077 0.000000000000000 0.000000000000000
12.82051 0.000000000000000 0.000000000000000
12.91026 0.000000000000000 0.000000000000000
