9.50000 0.000000148697317 0.000000055319081
9.58974 0.000000000000000 0.000000000000000
9.67949 0.000000164116572 0.000000058116522
9.76923 0.000000115290162 0.000000048710156
9.85897 0.000000000000000 0.000000000000000
9.94872 0.000000485911723 0.000000100000480
10.03846 0.000000280707675 0.000000076006466
10.12821 0.000000753354364 0.000000124515394
10.21795 0.000000463944454 0.000000097713909
10.30769 0.000001575593472 0.000000180071707
10.39744 0.000001430527023 0.000000171581882
10.48718 0.000002535401000 0.000000228426625
10.57692 0.000005330647837 0.000000331217588
10.66667 0.000012925011964 0.000000515749566
10.75641 0.000026737950502 0.000000741801063
10.84615 0.000059052900965 0.000001102412205
10.93590 0.000085313907020 0.000001325053183
11.02564 0.000116371379130 0.000001547556397
11.11538 0.000152894799484 0.000001773861676
11.20513 0.000241658115761 0.000002230098710
11.29487 0.000415571216029 0.000002924462950
11.38462 0.000282297212488 0.000002410331014
11.47436 0.000160838633319 0.000001819359744
11.56410 0.000086126359736 0.000001331347539
11.65385 0.000045903322421 0.000000971953424
11.74359 0.000018499402495 0.000000617024267
11.83333 0.000007360539967 0.000000389204839
11.92308 0.000003701263932 0.000000275993225
12.01282 0.000001461363258 0.000000173421319
12.10256 0.000000233003871 0.000000069247638
12.19231 0.000000072737414 0.000000038690320
12.28205 0.000000056460100 0.000000034087426
12.37179 0.000000000000000 0.000000000000000
12.46154 0.000000000000000 0.000000000000000
12.55128 0.000000000000000 0.000000000000000
12.64103 0.000000000000000 0.000000000000000
12.73077 0.000000000000000 0.000000000000000
12.82051 0.000000000000000 0.000000000000000
12.91026 0.000000000000000 0.000000000000000
