9.50000 0.000000000000000 0.000000000000000
9.58974 0.000000000000000 0.000000000000000
9.67949 0.000000000000000 0.000000000000000
9.76923 0.000000024087181 0.000000022264676
9.85897 0.000000000000000 0.000000000000000
9.94872 0.000000000000000 0.000000000000000
10.03846 0.000000000000000 0.000000000000000
10.12821 0.000000000000000 0.000000000000000
10.21795 0.000000000000000 0.000000000000000
10.30769 0.000000000000000 0.000000000000000
10.39744 0.000000063176211 0.000000036057879
10.48718 0.000000334870650 0.000000083016025
10.57692 0.000000260536230 0.000000073224676
10.66667 0.000001722578150 0.000000188283759
10.75641 0.000004193502997 0.000000293772996
10.84615 0.000012622969325 0.000000509687705
10.93590 0.000035983188162 0.000000860544264
11.02564 0.000089691037513 0.000001358619733
11.11538 0.000153007479248 0.000001774515202
11.20513 0.000187124568397 0.000001962405715
11.29487 0.000198194958341 0.000002019620152
11.38462 0.000147802766627 0.000001744073068
11.47436 0.000093464471787 0.000001386904866
11.56410 0.000047944014034 0.000000993323225
11.65385 0.000023427407891 0.000000694361310
11.74359 0.000010235055684 0.000000458953302
11.83333 0.000003184316057 0.000000255994997
11.92308 0.000001186983556 0.000000156295238
12.01282 0.000000376160321 0.000000087985253
12.10256 0.000000034016631 0.000000026458733
12.19231 0.000000119807943 0.000000049655367
12.28205 0.000000024898030 0.000000022636323
12.37179 0.000000000000000 0.000000000000000
12.46154 0.000000024112137 0.000000022276207
12.55128 0.000000000000000 0.000000000000000
12.64103 0.000000000000000 0.000000000000000
12.73077 0.000000000000000 0.000000000000000
12.82051 0.000000026057428 0.000000023157367
12.91026 0.000000000000000 0.000000000000000
