9.50000 0.000000141809882 0.000000054022744
9.58974 0.000000040526114 0.000000028879580
9.67949 0.000000039340187 0.000000028453887
9.76923 0.000000000000000 0.000000000000000
9.85897 0.000000000000000 0.000000000000000
9.94872 0.000000042285083 0.000000029499659
10.03846 0.000000310189439 0.000000079898182
10.12821 0.000000397876407 0.000000090489354
10.21795 0.000000418998218 0.000000092860172
10.30769 0.000000921393003 0.000000137703776
10.39744 0.000001235336908 0.000000159446908
10.48718 0.000001482376402 0.000000174663694
10.57692 0.000002216858550 0.000000213595641
10.66667 0.000006314274349 0.000000360483273
10.75641 0.000017807232851 0.000000605371001
10.84615 0.000045647359089 0.000000969239762
10.93590 0.000079438638756 0.000001278613516
11.02564 0.000132473963963 0.000001651158102
11.11538 0.000211978108313 0.000002088665533
11.20513 0.000384921784233 0.000002814554348
11.29487 0.000375575849265 0.000002780175572
11.38462 0.000244442164552 0.000002242907971
11.47436 0.000136818845685 0.000001678016995
11.56410 0.000074312832262 0.000001236674201
11.65385 0.000035097926255 0.000000849892746
11.74359 0.000014345437088 0.000000543350770
11.83333 0.000005290909175 0.000000329980706
11.92308 0.000002518667200 0.000000227671562
12.01282 0.000000855875267 0.000000132717634
12.10256 0.000000180791563 0.000000060997561
12.19231 0.000000000000000 0.000000000000000
12.28205 0.000000000000000 0.000000000000000
12.37179 0.000000041929478 0.000000029375355
12.46154 0.000000000000000 0.000000000000000
12.55128 0.000000000000000 0.000000000000000
12.64103 0.000000000000000 0.000000000000000
12.73077 0.000000000000000 0.000000000000000
12.82051 0.000000000000000 0.000000000000000
12.91026 0.000000000000000 0.000000000000000
