9.50000 0.000000000000000 0.000000000000000
9.58974 0.000000000000000 0.000000000000000
9.67949 0.000000000000000 0.000000000000000
9.76923 0.000000000000000 0.000000000000000
9.85897 0.000000000000000 0.000000000000000
9.94872 0.000000000000000 0.000000000000000
10.03846 0.000000000000000 0.000000000000000
10.12821 0.000000000000000 0.000000000000000
10.21795 0.000000000000000 0.000000000000000
10.30769 0.000000000000000 0.000000000000000
10.39744 0.000000000000000 0.000000000000000
10.48718 0.000000043744805 0.000000030004517
10.57692 0.000000169303126 0.000000059027703
10.66667 0.000001046900450 0.000000146783111
10.75641 0.000004672673431 0.000000310103101
10.84615 0.000009787968896 0.000000448817399
10.93590 0.000015028391528 0.000000556134253
11.02564 0.000030538624582 0.000000792771686
11.11538 0.000060446817164 0.000001115347281
11.20513 0.000085739654247 0.000001328355316
11.29487 0.000089380232905 0.000001356263690
11.38462 0.000073371128494 0.000001228813555
11.47436 0.000049144547566 0.000001005682898
11.56410 0.000028254568130 0.000000762548956
11.65385 0.000013457911106 0.000000526274372
11.74359 0.000006745855993 0.000000372599208
11.83333 0.000002413797928 0.000000222881411
11.92308 0.000000729836721 0.000000122556472
12.01282 0.000000303724664 0.000000079061204
12.10256 0.000000021882433 0.000000021221261
12.19231 0.000000021909131 0.000000021234203
12.28205 0.000000000000000 0.000000000000000
12.37179 0.000000022050078 0.000000021302396
12.46154 0.000000090281860 0.000000043104602
12.55128 0.000000060272392 0.000000035219453
12.64103 0.000000000000000 0.000000000000000
12.73077 0.000000023785585 0.000000022124849
12.82051 0.000000000000000 0.000000000000000
12.91026 0.000000000000000 0.000000000000000
