9.50000 0.000000036033165 0.000000008452519
9.58974 0.000000034861175 0.000000008313922
9.67949 0.000000042787538 0.000000009210720
9.76923 0.000000101762758 0.000000014204612
9.85897 0.000000066043683 0.000000011443281
9.94872 0.000000437949585 0.000000029467751
10.03846 0.000000598675709 0.000000034453294
10.12821 0.000001099105222 0.000000046682549
10.21795 0.000001113408388 0.000000046985318
10.30769 0.000002331959483 0.000000067997889
10.39744 0.000003537179300 0.000000083745883
10.48718 0.000005537599611 0.000000104784177
10.57692 0.000008907166403 0.000000132893798
10.66667 0.000019708641805 0.000000197680248
10.75641 0.000042972237364 0.000000291896516
10.84615 0.000071198295088 0.000000375724682
10.93590 0.000092863431457 0.000000429098793
11.02564 0.000120109127929 0.000000488003499
11.11538 0.000153718391539 0.000000552074699
11.20513 0.000230598317821 0.000000676181051
11.29487 0.000382830447492 0.000000871240718
11.38462 0.000285536001165 0.000000752428722
11.47436 0.000164299738551 0.000000570759784
11.56410 0.000090812881215 0.000000424334806
11.65385 0.000045625762432 0.000000300773796
11.74359 0.000020544270974 0.000000201827479
11.83333 0.000008743287364 0.000000131665595
11.92308 0.000003710538637 0.000000085773555
12.01282 0.000001295678071 0.000000050685471
12.10256 0.000000338974877 0.000000025924995
12.19231 0.000000067280735 0.000000011549955
12.28205 0.000000035806789 0.000000008425926
12.37179 0.000000038604059 0.000000008748859
12.46154 0.000000000000000 0.000000000000000
12.55128 0.000000008142975 0.000000004018153
12.64103 0.000000000000000 0.000000000000000
12.73077 0.000000000000000 0.000000000000000
12.82051 0.000000000000000 0.000000000000000
12.91026 0.000000000000000 0.000000000000000
