9.50000 0.000000000000000 0.000000000000000
9.58974 0.000000000000000 0.000000000000000
9.67949 0.000000023636857 0.000000022055568
9.76923 0.000000000000000 0.000000000000000
9.85897 0.000000000000000 0.000000000000000
9.94872 0.000000000000000 0.000000000000000
10.03846 0.000000000000000 0.000000000000000
10.12821 0.000000000000000 0.000000000000000
10.21795 0.000000000000000 0.000000000000000
10.30769 0.000000000000000 0.000000000000000
10.39744 0.000000052549039 0.000000032885601
10.48718 0.000000218426072 0.000000067046426
10.57692 0.000000690569741 0.000000119213974
10.66667 0.000001528783896 0.000000177376648
10.75641 0.000004113447885 0.000000290955381
10.84615 0.000014560624681 0.000000547410846
10.93590 0.000040769272725 0.000000915988194
11.02564 0.000107433260089 0.000001486937695
11.11538 0.000176586433032 0.000001906347464
11.20513 0.000217804000216 0.000002117172869
11.29487 0.000219735665932 0.000002126540563
11.38462 0.000161425704143 0.000001822677107
11.47436 0.000093699559847 0.000001388647989
11.56410 0.000047074888214 0.000000984278600
11.65385 0.000024521118977 0.000000710384597
11.74359 0.000009243966422 0.000000436166769
11.83333 0.000003082358866 0.000000251863361
11.92308 0.000001360665702 0.000000167339749
12.01282 0.000000349047356 0.000000084755047
12.10256 0.000000243376780 0.000000070772244
12.19231 0.000000072965243 0.000000038750866
12.28205 0.000000166936194 0.000000058613634
12.37179 0.000000000000000 0.000000000000000
12.46154 0.000000024279081 0.000000022353190
12.55128 0.000000000000000 0.000000000000000
12.64103 0.000000000000000 0.000000000000000
12.73077 0.000000024358527 0.000000022389733
12.82051 0.000000030490789 0.000000025050000
12.91026 0.000000000000000 0.000000000000000
