9.50000 0.000000000000000 0.000000000000000
9.58974 0.000000000000000 0.000000000000000
9.67949 0.000000000000000 0.000000000000000
9.76923 0.000000000000000 0.000000000000000
9.85897 0.000000000000000 0.000000000000000
9.94872 0.000000000000000 0.000000000000000
10.03846 0.000000000000000 0.000000000000000
10.12821 0.000000000000000 0.000000000000000
10.21795 0.000000000000000 0.000000000000000
10.30769 0.000000000000000 0.000000000000000
10.39744 0.000000000000000 0.000000000000000
10.48718 0.000000000000000 0.000000000000000
10.57692 0.000000088863057 0.000000042764561
10.66667 0.000000419008453 0.000000092861306
10.75641 0.000002516844315 0.000000227589159
10.84615 0.000008055046408 0.000000407152792
10.93590 0.000013255719184 0.000000522306032
11.02564 0.000017929793518 0.000000607450702
11.11538 0.000023566709815 0.000000696422624
11.20513 0.000034900867809 0.000000847503513
11.29487 0.000042816575724 0.000000938705494
11.38462 0.000038226791357 0.000000886966704
11.47436 0.000029336855361 0.000000777016380
11.56410 0.000018176353808 0.000000611613099
11.65385 0.000009788934468 0.000000448839536
11.74359 0.000003996159585 0.000000286777323
11.83333 0.000001269233955 0.000000161619677
11.92308 0.000000730666689 0.000000122626137
12.01282 0.000000307325200 0.000000079528443
12.10256 0.000000000000000 0.000000000000000
12.19231 0.000000067311256 0.000000037219218
12.28205 0.000000020447135 0.000000020513493
12.37179 0.000000000000000 0.000000000000000
12.46154 0.000000000000000 0.000000000000000
12.55128 0.000000000000000 0.000000000000000
12.64103 0.000000000000000 0.000000000000000
12.73077 0.000000000000000 0.000000000000000
12.82051 0.000000000000000 0.000000000000000
12.91026 0.000000000000000 0.000000000000000
