9.50000 0.000000000000000 0.000000000000000
9.58974 0.000000000000000 0.000000000000000
9.67949 0.000000000000000 0.000000000000000
9.76923 0.000000000000000 0.000000000000000
9.85897 0.000000000000000 0.000000000000000
9.94872 0.000000000000000 0.000000000000000
10.03846 0.000000000000000 0.000000000000000
10.12821 0.000000000000000 0.000000000000000
10.21795 0.000000000000000 0.000000000000000
10.30769 0.000000000000000 0.000000000000000
10.39744 0.000000000000000 0.000000000000000
10.48718 0.000000076047342 0.000000039560832
10.57692 0.000000110671057 0.000000047724394
10.66667 0.000000855587711 0.000000132695337
10.75641 0.000004799681915 0.000000314289319
10.84615 0.000010009387146 0.000000453865465
10.93590 0.000019247235210 0.000000629372222
11.02564 0.000033993130902 0.000000836409539
11.11538 0.000068106571597 0.000001183907859
11.20513 0.000096346261720 0.000001408123765
11.29487 0.000099843328944 0.000001433451226
11.38462 0.000084616398569 0.000001319625389
11.47436 0.000058955644200 0.000001101504026
11.56410 0.000030232193180 0.000000788784233
11.65385 0.000013527993553 0.000000527642887
11.74359 0.000005351290110 0.000000331858268
11.83333 0.000002193392990 0.000000212462173
11.92308 0.000000689864853 0.000000119153116
12.01282 0.000000284907056 0.000000076572883
12.10256 0.000000119404182 0.000000049571626
12.19231 0.000000000000000 0.000000000000000
12.28205 0.000000022139368 0.000000021345484
12.37179 0.000000000000000 0.000000000000000
12.46154 0.000000000000000 0.000000000000000
12.55128 0.000000000000000 0.000000000000000
12.64103 0.000000000000000 0.000000000000000
12.73077 0.000000000000000 0.000000000000000
12.82051 0.000000023064614 0.000000021786953
12.91026 0.000000000000000 0.000000000000000
