9.50000 0.000000000000000 0.000000000000000
9.58974 0.000000047759054 0.000000031350990
9.67949 0.000000105539485 0.000000046604825
9.76923 0.000000352683440 0.000000085195357
9.85897 0.000000105983552 0.000000046702769
9.94872 0.000000094949119 0.000000044204742
10.03846 0.000000366324939 0.000000086827368
10.12821 0.000000239851635 0.000000070257831
10.21795 0.000000705201592 0.000000120470312
10.30769 0.000000840456446 0.000000131516729
10.39744 0.000001733124602 0.000000188859262
10.48718 0.000002341479111 0.000000219517192
10.57692 0.000002819263126 0.000000240874707
10.66667 0.000006200344786 0.000000357216338
10.75641 0.000021159007914 0.000000659889236
10.84615 0.000048770940109 0.000001001852895
10.93590 0.000085570507851 0.000001327044385
11.02564 0.000119956734434 0.000001571215343
11.11538 0.000165492199895 0.000001845491965
11.20513 0.000297667103266 0.000002475077571
11.29487 0.000425790400316 0.000002960201859
11.38462 0.000283838658243 0.000002416902699
11.47436 0.000155011945692 0.000001786100853
11.56410 0.000086149601834 0.000001331527166
11.65385 0.000043569291965 0.000000946920776
11.74359 0.000016764448353 0.000000587378475
11.83333 0.000007232637181 0.000000385808449
11.92308 0.000003332837050 0.000000261896946
12.01282 0.000000769999932 0.000000125883479
12.10256 0.000000620044460 0.000000112962634
12.19231 0.000000047066970 0.000000031123004
12.28205 0.000000000000000 0.000000000000000
12.37179 0.000000000000000 0.000000000000000
12.46154 0.000000053951882 0.000000033321665
12.55128 0.000000000000000 0.000000000000000
12.64103 0.000000000000000 0.000000000000000
12.73077 0.000000000000000 0.000000000000000
12.82051 0.000000000000000 0.000000000000000
12.91026 0.000000000000000 0.000000000000000
