9.50000 0.000000000000000 0.000000000000000
9.58974 0.000000085243314 0.000000041884521
9.67949 0.000000050181530 0.000000032136261
9.76923 0.000000061503905 0.000000035577444
9.85897 0.000000221731176 0.000000067551776
9.94872 0.000000182475862 0.000000061281037
10.03846 0.000000237772144 0.000000069952603
10.12821 0.000000418604055 0.000000092816483
10.21795 0.000000969446592 0.000000141248986
10.30769 0.000000681602793 0.000000118437457
10.39744 0.000000741900897 0.000000123565247
10.48718 0.000001838784111 0.000000194530976
10.57692 0.000003501324686 0.000000268435276
10.66667 0.000005974787325 0.000000350658701
10.75641 0.000017106044506 0.000000593332575
10.84615 0.000052342737470 0.000001037890675
10.93590 0.000082137931888 0.000001300155435
11.02564 0.000119780921027 0.000001570063502
11.11538 0.000173229911360 0.000001888142795
11.20513 0.000306662360608 0.000002512196645
11.29487 0.000430665389275 0.000002977099703
11.38462 0.000279243261207 0.000002397257824
11.47436 0.000157954033769 0.000001802971055
11.56410 0.000080006906909 0.000001283178678
11.65385 0.000040559000501 0.000000913622983
11.74359 0.000016920862254 0.000000590112262
11.83333 0.000009473309839 0.000000441544282
11.92308 0.000002832152377 0.000000241424701
12.01282 0.000001391972612 0.000000169253921
12.10256 0.000000098997305 0.000000045137248
12.19231 0.000000000000000 0.000000000000000
12.28205 0.000000096269884 0.000000044511130
12.37179 0.000000000000000 0.000000000000000
12.46154 0.000000000000000 0.000000000000000
12.55128 0.000000000000000 0.000000000000000
12.64103 0.000000000000000 0.000000000000000
12.73077 0.000000000000000 0.000000000000000
12.82051 0.000000000000000 0.000000000000000
12.91026 0.000000000000000 0.000000000000000
