9.50000 0.000000000000000 0.000000000000000
9.58974 0.000000000000000 0.000000000000000
9.67949 0.000000000000000 0.000000000000000
9.76923 0.000000000000000 0.000000000000000
9.85897 0.000000000000000 0.000000000000000
9.94872 0.000000000000000 0.000000000000000
10.03846 0.000000000000000 0.000000000000000
10.12821 0.000000000000000 0.000000000000000
10.21795 0.000000000000000 0.000000000000000
10.30769 0.000000000000000 0.000000000000000
10.39744 0.000000033252903 0.000000026160026
10.48718 0.000000084328682 0.000000041659212
10.57692 0.000000146474818 0.000000054904113
10.66667 0.000000941653614 0.000000139209535
10.75641 0.000004348913013 0.000000299167047
10.84615 0.000010404140884 0.000000462728774
10.93590 0.000018016667022 0.000000608920535
11.02564 0.000041165939877 0.000000920433489
11.11538 0.000078209556766 0.000001268683543
11.20513 0.000108318372683 0.000001493050363
11.29487 0.000106599117234 0.000001481153940
11.38462 0.000088889199992 0.000001352533071
11.47436 0.000058852192026 0.000001100537171
11.56410 0.000030470678508 0.000000791889267
11.65385 0.000014412722246 0.000000544623532
11.74359 0.000004935599147 0.000000318708271
11.83333 0.000002254031678 0.000000215379023
11.92308 0.000000735999134 0.000000123072790
12.01282 0.000000461823095 0.000000097490258
12.10256 0.000000167006370 0.000000058625953
12.19231 0.000000051834352 0.000000032661207
12.28205 0.000000000000000 0.000000000000000
12.37179 0.000000023164914 0.000000021834273
12.46154 0.000000021566575 0.000000021067547
12.55128 0.000000000000000 0.000000000000000
12.64103 0.000000031205740 0.000000025341985
12.73077 0.000000000000000 0.000000000000000
12.82051 0.000000000000000 0.000000000000000
12.91026 0.000000000000000 0.000000000000000
