9.50000 0.000000000000000 0.000000000000000
9.58974 0.000000000000000 0.000000000000000
9.67949 0.000000000000000 0.000000000000000
9.76923 0.000000000000000 0.000000000000000
9.85897 0.000000000000000 0.000000000000000
9.94872 0.000000000000000 0.000000000000000
10.03846 0.000000000000000 0.000000000000000
10.12821 0.000000032423359 0.000000025831665
10.21795 0.000000000000000 0.000000000000000
10.30769 0.000000000000000 0.000000000000000
10.39744 0.000000052373274 0.000000032830557
10.48718 0.000000164861157 0.000000058248208
10.57692 0.000000565907938 0.000000107918596
10.66667 0.000002020879622 0.000000203935868
10.75641 0.000006783818185 0.000000373646135
10.84615 0.000023440534074 0.000000694555805
10.93590 0.000084455344179 0.000001318368938
11.02564 0.000190370092597 0.000001979350726
11.11538 0.000290755299158 0.000002446173254
11.20513 0.000356084587093 0.000002707073092
11.29487 0.000290864685253 0.000002446633353
11.38462 0.000190012714380 0.000001977491954
11.47436 0.000113888979789 0.000001530961415
11.56410 0.000051716589958 0.000001031664139
11.65385 0.000026425581706 0.000000737455251
11.74359 0.000010101987841 0.000000455960073
11.83333 0.000004476470072 0.000000303522742
11.92308 0.000001037872229 0.000000146148829
12.01282 0.000000522805928 0.000000103727437
12.10256 0.000000210078486 0.000000065752790
12.19231 0.000000082268598 0.000000041147215
12.28205 0.000000078589324 0.000000040216583
12.37179 0.000000028663541 0.000000024287808
12.46154 0.000000000000000 0.000000000000000
12.55128 0.000000000000000 0.000000000000000
12.64103 0.000000000000000 0.000000000000000
12.73077 0.000000000000000 0.000000000000000
12.82051 0.000000026040356 0.000000023149779
12.91026 0.000000000000000 0.000000000000000
