9.50000 0.000000000000000 0.000000000000000
9.58974 0.000000000000000 0.000000000000000
9.67949 0.000000000000000 0.000000000000000
9.76923 0.000000000000000 0.000000000000000
9.85897 0.000000000000000 0.000000000000000
9.94872 0.000000000000000 0.000000000000000
10.03846 0.000000000000000 0.000000000000000
10.12821 0.000000027453539 0.000000023769638
10.21795 0.000000000000000 0.000000000000000
10.30769 0.000000037824180 0.000000027900254
10.39744 0.000000046391638 0.000000030898916
10.48718 0.000000369202364 0.000000087167709
10.57692 0.000000430492317 0.000000094125240
10.66667 0.000001512549339 0.000000176432330
10.75641 0.000005172927362 0.000000326280849
10.84615 0.000018224938179 0.000000612429957
10.93590 0.000063613614667 0.000001144190746
11.02564 0.000153706291926 0.000001778562851
11.11538 0.000248114098370 0.000002259691309
11.20513 0.000298260921249 0.000002477545115
11.29487 0.000277140460741 0.000002388214668
11.38462 0.000181916557945 0.000001934904386
11.47436 0.000107673272911 0.000001488597726
11.56410 0.000054050987412 0.000001054690927
11.65385 0.000025605300993 0.000000725919289
11.74359 0.000011357377914 0.000000483462098
11.83333 0.000003373063358 0.000000263472713
11.92308 0.000001001262450 0.000000143548070
12.01282 0.000000252828686 0.000000072133427
12.10256 0.000000098541653 0.000000045033253
12.19231 0.000000218640680 0.000000067079355
12.28205 0.000000000000000 0.000000000000000
12.37179 0.000000000000000 0.000000000000000
12.46154 0.000000000000000 0.000000000000000
12.55128 0.000000000000000 0.000000000000000
12.64103 0.000000000000000 0.000000000000000
12.73077 0.000000000000000 0.000000000000000
12.82051 0.000000000000000 0.000000000000000
12.91026 0.000000000000000 0.000000000000000
