9.50000 0.000000000000000 0.000000000000000
9.58974 0.000000000000000 0.000000000000000
9.67949 0.000000050888396 0.000000032361808
9.76923 0.000000000000000 0.000000000000000
9.85897 0.000000037416044 0.000000027749319
9.94872 0.000000066288470 0.000000036935365
10.03846 0.000000000000000 0.000000000000000
10.12821 0.000000035823545 0.000000027152366
10.21795 0.000000424116617 0.000000093425631
10.30769 0.000000350723604 0.000000084958315
10.39744 0.000000478000900 0.000000099183117
10.48718 0.000001235284130 0.000000159443502
10.57692 0.000002540017729 0.000000228634502
10.66667 0.000004220971140 0.000000294733557
10.75641 0.000009911106231 0.000000451631744
10.84615 0.000033310248370 0.000000827965669
10.93590 0.000071424233703 0.000001212400729
11.02564 0.000126813219143 0.000001615495147
11.11538 0.000241208075520 0.000002228021185
11.20513 0.000425458555143 0.000002959048098
11.29487 0.000355572302187 0.000002705125111
11.38462 0.000217591567349 0.000002116140136
11.47436 0.000120211184439 0.000001572880877
11.56410 0.000062448481269 0.000001133663945
11.65385 0.000028590242911 0.000000767065264
11.74359 0.000011627692391 0.000000489181654
11.83333 0.000004844499887 0.000000315753279
11.92308 0.000001802544655 0.000000192604491
12.01282 0.000000822259359 0.000000130085175
12.10256 0.000000161375890 0.000000057629217
12.19231 0.000000160305619 0.000000057437796
12.28205 0.000000035406580 0.000000026993884
12.37179 0.000000000000000 0.000000000000000
12.46154 0.000000000000000 0.000000000000000
12.55128 0.000000041008859 0.000000029051077
12.64103 0.000000000000000 0.000000000000000
12.73077 0.000000000000000 0.000000000000000
12.82051 0.000000000000000 0.000000000000000
12.91026 0.000000000000000 0.000000000000000
