9.50000 0.000000000000000 0.000000000000000
9.58974 0.000000000000000 0.000000000000000
9.67949 0.000000000000000 0.000000000000000
9.76923 0.000000000000000 0.000000000000000
9.85897 0.000000000000000 0.000000000000000
9.94872 0.000000000000000 0.000000000000000
10.03846 0.000000000000000 0.000000000000000
10.12821 0.000000000000000 0.000000000000000
10.21795 0.000000024278534 0.000000022352938
10.30769 0.000000000000000 0.000000000000000
10.39744 0.000000058537625 0.000000034708907
10.48718 0.000000236983183 0.000000069836451
10.57692 0.000003910170525 0.000000283675117
10.66667 0.000000992860439 0.000000142944516
10.75641 0.000004547481879 0.000000305920713
10.84615 0.000016210331592 0.000000577589572
10.93590 0.000054970509933 0.000001063624364
11.02564 0.000137513124642 0.000001682269106
11.11538 0.000223226096833 0.000002143363728
11.20513 0.000273256394338 0.000002371420451
11.29487 0.000269988895469 0.000002357199526
11.38462 0.000176866444352 0.000001907858304
11.47436 0.000103254347677 0.000001457731598
11.56410 0.000050978517054 0.000001024275991
11.65385 0.000024389979153 0.000000708482469
11.74359 0.000010344747927 0.000000461406120
11.83333 0.000003468855085 0.000000267187707
11.92308 0.000001170546142 0.000000155209272
12.01282 0.000000215037136 0.000000066524271
12.10256 0.000000127318112 0.000000051188039
12.19231 0.000000075348531 0.000000039378647
12.28205 0.000000023835381 0.000000022147996
12.37179 0.000000000000000 0.000000000000000
12.46154 0.000000000000000 0.000000000000000
12.55128 0.000000000000000 0.000000000000000
12.64103 0.000000025305040 0.000000022820592
12.73077 0.000000000000000 0.000000000000000
12.82051 0.000000000000000 0.000000000000000
12.91026 0.000000000000000 0.000000000000000
