9.50000 0.000000000000000 0.000000000000000
9.58974 0.000000000000000 0.000000000000000
9.67949 0.000000000000000 0.000000000000000
9.76923 0.000000000000000 0.000000000000000
9.85897 0.000000000000000 0.000000000000000
9.94872 0.000000000000000 0.000000000000000
10.03846 0.000000000000000 0.000000000000000
10.12821 0.000000000000000 0.000000000000000
10.21795 0.000000000000000 0.000000000000000
10.30769 0.000000027091833 0.000000023612534
10.39744 0.000000053302470 0.000000033120514
10.48718 0.000000436171466 0.000000094744066
10.57692 0.000000676049622 0.000000117954002
10.66667 0.000002013459855 0.000000203561143
10.75641 0.000006139880850 0.000000355470337
10.84615 0.000033241961036 0.000000827116552
10.93590 0.000096998968859 0.000001412885450
11.02564 0.000222652879790 0.000002140610012
11.11538 0.000323102270544 0.000002578655936
11.20513 0.000392834688928 0.000002843336823
11.29487 0.000315386448304 0.000002547680179
11.38462 0.000195082961978 0.000002003701690
11.47436 0.000107161355137 0.000001485054843
11.56410 0.000055570703716 0.000001069415175
11.65385 0.000024140699362 0.000000704852619
11.74359 0.000010762574475 0.000000470632028
11.83333 0.000004267600830 0.000000296357068
11.92308 0.000001162048553 0.000000154644875
12.01282 0.000000464055991 0.000000097725654
12.10256 0.000000077709788 0.000000039990907
12.19231 0.000000095190885 0.000000044260985
12.28205 0.000000000000000 0.000000000000000
12.37179 0.000000000000000 0.000000000000000
12.46154 0.000000033109159 0.000000026103423
12.55128 0.000000000000000 0.000000000000000
12.64103 0.000000027314902 0.000000023709545
12.73077 0.000000000000000 0.000000000000000
12.82051 0.000000000000000 0.000000000000000
12.91026 0.000000000000000 0.000000000000000
