9.50000 0.000000000000000 0.000000000000000
9.58974 0.000000000000000 0.000000000000000
9.67949 0.000000000000000 0.000000000000000
9.76923 0.000000000000000 0.000000000000000
9.85897 0.000000000000000 0.000000000000000
9.94872 0.000000000000000 0.000000000000000
10.03846 0.000000000000000 0.000000000000000
10.12821 0.000000000000000 0.000000000000000
10.21795 0.000000025489062 0.000000022903419
10.30769 0.000000000000000 0.000000000000000
10.39744 0.000000000000000 0.000000000000000
10.48718 0.000000132956523 0.000000052309217
10.57692 0.000000341133458 0.000000083788719
10.66667 0.000001922835233 0.000000198927319
10.75641 0.000004741427594 0.000000312376213
10.84615 0.000012725724676 0.000000511758018
10.93590 0.000028278149163 0.000000762867098
11.02564 0.000070753411364 0.000001206693813
11.11538 0.000131548659471 0.000001645381491
11.20513 0.000164396585621 0.000001839372930
11.29487 0.000162539170450 0.000001828952445
11.38462 0.000121127346256 0.000001578863174
11.47436 0.000079374197499 0.000001278094800
11.56410 0.000039071938032 0.000000896717965
11.65385 0.000020173025599 0.000000644330833
11.74359 0.000007023834130 0.000000380198604
11.83333 0.000002930647467 0.000000245586892
11.92308 0.000001111412385 0.000000151238029
12.01282 0.000000381320218 0.000000088586656
12.10256 0.000000140069767 0.000000053690271
12.19231 0.000000111136129 0.000000047824565
12.28205 0.000000000000000 0.000000000000000
12.37179 0.000000000000000 0.000000000000000
12.46154 0.000000000000000 0.000000000000000
12.55128 0.000000000000000 0.000000000000000
12.64103 0.000000000000000 0.000000000000000
12.73077 0.000000000000000 0.000000000000000
12.82051 0.000000060069295 0.000000035160064
12.91026 0.000000000000000 0.000000000000000
