9.50000 0.000000000000000 0.000000000000000
9.58974 0.000000066418301 0.000000036971517
9.67949 0.000000000000000 0.000000000000000
9.76923 0.000000059099832 0.000000034875185
9.85897 0.000000189220547 0.000000062403298
9.94872 0.000000430922836 0.000000094172294
10.03846 0.000000274819667 0.000000075205101
10.12821 0.000001312807554 0.000000164370519
10.21795 0.000001020424569 0.000000144915169
10.30769 0.000001925601433 0.000000199070357
10.39744 0.000003434670353 0.000000265867912
10.48718 0.000006381667419 0.000000362401910
10.57692 0.000010070035067 0.000000455238397
10.66667 0.000022166449959 0.000000675416190
10.75641 0.000048814135486 0.000001002296457
10.84615 0.000077078814528 0.000001259478932
10.93590 0.000098452362268 0.000001423431147
11.02564 0.000126284314327 0.000001612122723
11.11538 0.000153004964138 0.000001774500617
11.20513 0.000231287640581 0.000002181722985
11.29487 0.000398339735930 0.000002863190271
11.38462 0.000289283056712 0.000002439972283
11.47436 0.000168077842302 0.000001859853028
11.56410 0.000095121056319 0.000001399141783
11.65385 0.000046275639907 0.000000975887175
11.74359 0.000019998443328 0.000000641536676
11.83333 0.000008311965507 0.000000413594981
11.92308 0.000003386465371 0.000000263995615
12.01282 0.000001710517784 0.000000187623482
12.10256 0.000000166833363 0.000000058595579
12.19231 0.000000077911189 0.000000040042696
12.28205 0.000000000000000 0.000000000000000
12.37179 0.000000129942014 0.000000051712816
12.46154 0.000000000000000 0.000000000000000
12.55128 0.000000000000000 0.000000000000000
12.64103 0.000000000000000 0.000000000000000
12.73077 0.000000000000000 0.000000000000000
12.82051 0.000000000000000 0.000000000000000
12.91026 0.000000000000000 0.000000000000000
