9.50000 0.000000000000000 0.000000000000000
9.58974 0.000000000000000 0.000000000000000
9.67949 0.000000000000000 0.000000000000000
9.76923 0.000000000000000 0.000000000000000
9.85897 0.000000000000000 0.000000000000000
9.94872 0.000000000000000 0.000000000000000
10.03846 0.000000000000000 0.000000000000000
10.12821 0.000000054086640 0.000000033363253
10.21795 0.000000027054024 0.000000023596051
10.30769 0.000000000000000 0.000000000000000
10.39744 0.000000139220493 0.000000053527256
10.48718 0.000000469953316 0.000000098344653
10.57692 0.000000691465690 0.000000119291284
10.66667 0.000002561021451 0.000000229577859
10.75641 0.000010088697981 0.000000455660051
10.84615 0.000032960645494 0.000000823609312
10.93590 0.000107550194176 0.000001487746693
11.02564 0.000247023194525 0.000002254718151
11.11538 0.000350843664921 0.000002687077631
11.20513 0.000424427351407 0.000002955459931
11.29487 0.000330002735225 0.000002606046519
11.38462 0.000200066245052 0.000002029132022
11.47436 0.000115023489615 0.000001538567887
11.56410 0.000054240736950 0.000001056540586
11.65385 0.000026030720550 0.000000731924844
11.74359 0.000010186541348 0.000000457864287
11.83333 0.000003456160374 0.000000266698355
11.92308 0.000002079597066 0.000000206877373
12.01282 0.000000542654002 0.000000105678076
12.10256 0.000000206181027 0.000000065139998
12.19231 0.000000076035740 0.000000039557814
12.28205 0.000000036508423 0.000000027410688
12.37179 0.000000000000000 0.000000000000000
12.46154 0.000000062372925 0.000000035827908
12.55128 0.000000000000000 0.000000000000000
12.64103 0.000000000000000 0.000000000000000
12.73077 0.000000000000000 0.000000000000000
12.82051 0.000000000000000 0.000000000000000
12.91026 0.000000000000000 0.000000000000000
