9.50000 0.000000000000000 0.000000000000000
9.58974 0.000000049983789 0.000000032072882
9.67949 0.000000063101297 0.000000036036494
9.76923 0.000000052053870 0.000000032730294
9.85897 0.000000052207507 0.000000032778560
9.94872 0.000000334735063 0.000000082999217
10.03846 0.000000371793137 0.000000087473011
10.12821 0.000000366405161 0.000000086836875
10.21795 0.000000530903875 0.000000104527687
10.30769 0.000000785403274 0.000000127136353
10.39744 0.000001426045978 0.000000171312936
10.48718 0.000002792910324 0.000000239746287
10.57692 0.000004583437954 0.000000307127760
10.66667 0.000008921872919 0.000000428500577
10.75641 0.000024262992680 0.000000706635705
10.84615 0.000053095442367 0.000001045326634
10.93590 0.000083281697711 0.000001309176433
11.02564 0.000113866788755 0.000001530812256
11.11538 0.000158745533362 0.000001807482708
11.20513 0.000256874383563 0.000002299237280
11.29487 0.000420232157137 0.000002940817238
11.38462 0.000280625820356 0.000002403185019
11.47436 0.000163140536413 0.000001832332721
11.56410 0.000085355020976 0.000001325372425
11.65385 0.000045028403218 0.000000962646126
11.74359 0.000017266923894 0.000000596116141
11.83333 0.000008815474742 0.000000425937862
11.92308 0.000003193385973 0.000000256359314
12.01282 0.000001126025459 0.000000152229037
12.10256 0.000000317300997 0.000000080808885
12.19231 0.000000053653378 0.000000033229356
12.28205 0.000000000000000 0.000000000000000
12.37179 0.000000066971853 0.000000037125264
12.46154 0.000000000000000 0.000000000000000
12.55128 0.000000000000000 0.000000000000000
12.64103 0.000000000000000 0.000000000000000
12.73077 0.000000000000000 0.000000000000000
12.82051 0.000000000000000 0.000000000000000
12.91026 0.000000000000000 0.000000000000000
