9.50000 0.000000066019767 0.000000036860429
9.58974 0.000000067629701 0.000000037307155
9.67949 0.000000067175918 0.000000037181782
9.76923 0.000000102296287 0.000000045883161
9.85897 0.000000135013040 0.000000052712213
9.94872 0.000000527046572 0.000000104147270
10.03846 0.000001111935663 0.000000151273628
10.12821 0.000002562000111 0.000000229621720
10.21795 0.000001782388422 0.000000191524603
10.30769 0.000003711984271 0.000000276392630
10.39744 0.000005640899097 0.000000340719947
10.48718 0.000009143553880 0.000000433791370
10.57692 0.000015888438970 0.000000571826146
10.66667 0.000029225697399 0.000000775542917
10.75641 0.000058077562282 0.000001093270384
10.84615 0.000086815713159 0.000001336664958
10.93590 0.000105177098724 0.000001471241570
11.02564 0.000127730702699 0.000001621328604
11.11538 0.000152813762544 0.000001773391525
11.20513 0.000194244915790 0.000001999393262
11.29487 0.000349562503557 0.000002682166998
11.38462 0.000290843145734 0.000002446542760
11.47436 0.000169462234003 0.000001867496763
11.56410 0.000088833259107 0.000001352107407
11.65385 0.000052753151554 0.000001041951728
11.74359 0.000022003962046 0.000000672936117
11.83333 0.000009955159008 0.000000452634335
11.92308 0.000008958635981 0.000000429382499
12.01282 0.000000815643915 0.000000129560822
12.10256 0.000000477923442 0.000000099175080
12.19231 0.000000000000000 0.000000000000000
12.28205 0.000000067052694 0.000000037147664
12.37179 0.000000000000000 0.000000000000000
12.46154 0.000000000000000 0.000000000000000
12.55128 0.000000092047063 0.000000043523956
12.64103 0.000000000000000 0.000000000000000
12.73077 0.000000000000000 0.000000000000000
12.82051 0.000000000000000 0.000000000000000
12.91026 0.000000000000000 0.000000000000000
