9.50000 0.000000000000000 0.000000000000000
9.58974 0.000000000000000 0.000000000000000
9.67949 0.000000000000000 0.000000000000000
9.76923 0.000000000000000 0.000000000000000
9.85897 0.000000000000000 0.000000000000000
9.94872 0.000000000000000 0.000000000000000
10.03846 0.000000000000000 0.000000000000000
10.12821 0.000000000000000 0.000000000000000
10.21795 0.000000000000000 0.000000000000000
10.30769 0.000000053734592 0.000000033254496
10.39744 0.000000000000000 0.000000000000000
10.48718 0.000000000000000 0.000000000000000
10.57692 0.000000091224225 0.000000043328982
10.66667 0.000001046430680 0.000000146750174
10.75641 0.000003640626098 0.000000273723089
10.84615 0.000009250530443 0.000000436321599
10.93590 0.000014851863283 0.000000552858340
11.02564 0.000024117289904 0.000000704510785
11.11538 0.000043218360304 0.000000943099549
11.20513 0.000064229943745 0.000001149720208
11.29487 0.000075351589033 0.000001245287422
11.38462 0.000064062526875 0.000001148220844
11.47436 0.000044537866586 0.000000957388263
11.56410 0.000026790098145 0.000000742524087
11.65385 0.000011291639698 0.000000482060892
11.74359 0.000004642515076 0.000000309100748
11.83333 0.000002307229118 0.000000217905783
11.92308 0.000000755012368 0.000000124652338
12.01282 0.000000283238985 0.000000076348395
12.10256 0.000000166475690 0.000000058532733
12.19231 0.000000164102003 0.000000058113942
12.28205 0.000000094751271 0.000000044158663
12.37179 0.000000045100542 0.000000030465918
12.46154 0.000000064519568 0.000000036439224
12.55128 0.000000197016173 0.000000063675789
12.64103 0.000000067291803 0.000000037213839
12.73077 0.000000044790519 0.000000030361026
12.82051 0.000000000000000 0.000000000000000
12.91026 0.000000000000000 0.000000000000000
