9.50000 0.000000000000000 0.000000000000000
9.58974 0.000000000000000 0.000000000000000
9.67949 0.000000000000000 0.000000000000000
9.76923 0.000000000000000 0.000000000000000
9.85897 0.000000030862930 0.000000025202404
9.94872 0.000000046253644 0.000000030852927
10.03846 0.000000033298886 0.000000026178107
10.12821 0.000000063170625 0.000000036056285
10.21795 0.000000093609774 0.000000043891861
10.30769 0.000000157094837 0.000000056859672
10.39744 0.000000376856264 0.000000088066607
10.48718 0.000000676247848 0.000000117971294
10.57692 0.000000881302552 0.000000134674666
10.66667 0.000002935129713 0.000000245774626
10.75641 0.000006498963071 0.000000365717236
10.84615 0.000029752196451 0.000000782497413
10.93590 0.000072323243544 0.000001220007054
11.02564 0.000134425705067 0.000001663276899
11.11538 0.000228661032224 0.000002169299289
11.20513 0.000411121660630 0.000002908764582
11.29487 0.000348800182554 0.000002679240786
11.38462 0.000205119054808 0.000002054595806
11.47436 0.000124648252511 0.000001601645844
11.56410 0.000060743479026 0.000001118080891
11.65385 0.000029916292614 0.000000784652351
11.74359 0.000013963217301 0.000000536063383
11.83333 0.000004330301804 0.000000298526217
11.92308 0.000001984431526 0.000000202088431
12.01282 0.000000417727774 0.000000092719284
12.10256 0.000000095205177 0.000000044264308
12.19231 0.000000031130033 0.000000025311226
12.28205 0.000000000000000 0.000000000000000
12.37179 0.000000000000000 0.000000000000000
12.46154 0.000000000000000 0.000000000000000
12.55128 0.000000000000000 0.000000000000000
12.64103 0.000000000000000 0.000000000000000
12.73077 0.000000000000000 0.000000000000000
12.82051 0.000000000000000 0.000000000000000
12.91026 0.000000000000000 0.000000000000000
