9.50000 0.000000057098127 0.000000034279488
9.58974 0.000000000000000 0.000000000000000
9.67949 0.000000055575472 0.000000033819328
9.76923 0.000000128261956 0.000000051377424
9.85897 0.000000055854200 0.000000033904029
9.94872 0.000000300618764 0.000000078655924
10.03846 0.000000542575840 0.000000105670465
10.12821 0.000000848872379 0.000000132173562
10.21795 0.000000910370285 0.000000136877615
10.30769 0.000001662921841 0.000000184994711
10.39744 0.000002825533170 0.000000241142411
10.48718 0.000003230180933 0.000000257832001
10.57692 0.000006697411341 0.000000371258906
10.66667 0.000014419920321 0.000000544759515
10.75641 0.000038460771460 0.000000889677054
10.84615 0.000070134731485 0.000001201406461
10.93590 0.000086049620035 0.000001330754283
11.02564 0.000122467513556 0.000001587573512
11.11538 0.000144638435042 0.000001725302498
11.20513 0.000238168371416 0.000002213937913
11.29487 0.000389064128728 0.000002829658267
11.38462 0.000280153815499 0.000002401163123
11.47436 0.000156920264472 0.000001797061375
11.56410 0.000094093424024 0.000001391563505
11.65385 0.000043454766595 0.000000945675428
11.74359 0.000019774851552 0.000000637940259
11.83333 0.000007442074118 0.000000391354552
11.92308 0.000001649524014 0.000000184247972
12.01282 0.000000944418164 0.000000139413734
12.10256 0.000000126700521 0.000000051063737
12.19231 0.000000000000000 0.000000000000000
12.28205 0.000000000000000 0.000000000000000
12.37179 0.000000053597741 0.000000033212123
12.46154 0.000000000000000 0.000000000000000
12.55128 0.000000000000000 0.000000000000000
12.64103 0.000000000000000 0.000000000000000
12.73077 0.000000000000000 0.000000000000000
12.82051 0.000000000000000 0.000000000000000
12.91026 0.000000000000000 0.000000000000000
