9.50000 0.000000000000000 0.000000000000000
9.58974 0.000000000000000 0.000000000000000
9.67949 0.000000000000000 0.000000000000000
9.76923 0.000000000000000 0.000000000000000
9.85897 0.000000000000000 0.000000000000000
9.94872 0.000000000000000 0.000000000000000
10.03846 0.000000000000000 0.000000000000000
10.12821 0.000000000000000 0.000000000000000
10.21795 0.000000000000000 0.000000000000000
10.30769 0.000000000000000 0.000000000000000
10.39744 0.000000000000000 0.000000000000000
10.48718 0.000000000000000 0.000000000000000
10.57692 0.000000000000000 0.000000000000000
10.66667 0.000000000000000 0.000000000000000
10.75641 0.000000000000000 0.000000000000000
10.84615 0.000000000000000 0.000000000000000
10.93590 0.000000000000000 0.000000000000000
11.02564 0.000000000000000 0.000000000000000
11.11538 0.000000000000000 0.000000000000000
11.20513 0.000000000000000 0.000000000000000
11.29487 0.000000000000000 0.000000000000000
11.38462 0.000000000000000 0.000000000000000
11.47436 0.000000000000000 0.000000000000000
11.56410 0.000000000000000 0.000000000000000
11.65385 0.000000000000000 0.000000000000000
11.74359 0.000000000000000 0.000000000000000
11.83333 0.000000000000000 0.000000000000000
11.92308 0.000000000000000 0.000000000000000
12.01282 0.000000000000000 0.000000000000000
12.10256 0.000000000000000 0.000000000000000
12.19231 0.000000000000000 0.000000000000000
12.28205 0.000000000000000 0.000000000000000
12.37179 0.000000000000000 0.000000000000000
12.46154 0.000000000000000 0.000000000000000
12.55128 0.000000000000000 0.000000000000000
12.64103 0.000000000000000 0.000000000000000
12.73077 0.000000000000000 0.000000000000000
12.82051 0.000000000000000 0.000000000000000
12.91026 0.000000000000000 0.000000000000000
