9.50000 0.000000000000000 0.000000000000000
9.58974 0.000000000000000 0.000000000000000
9.67949 0.000000000000000 0.000000000000000
9.76923 0.000000000000000 0.000000000000000
9.85897 0.000000000000000 0.000000000000000
9.94872 0.000000000000000 0.000000000000000
10.03846 0.000000000000000 0.000000000000000
10.12821 0.000000029884060 0.000000024799515
10.21795 0.000000000000000 0.000000000000000
10.30769 0.000000026083227 0.000000023168827
10.39744 0.000000026355801 0.000000023289572
10.48718 0.000000434615127 0.000000094574883
10.57692 0.000000493816743 0.000000100810623
10.66667 0.000001709068116 0.000000187543959
10.75641 0.000005912027441 0.000000348812159
10.84615 0.000025260363275 0.000000721013157
10.93590 0.000088163712183 0.000001347002272
11.02564 0.000202226290580 0.000002040056530
11.11538 0.000319396126131 0.000002563824045
11.20513 0.000361943396998 0.000002729252540
11.29487 0.000302146715393 0.000002493631830
11.38462 0.000189723129400 0.000001975984501
11.47436 0.000108543293429 0.000001494599703
11.56410 0.000056780763248 0.000001080995801
11.65385 0.000024590271900 0.000000711385583
11.74359 0.000009987141631 0.000000453360834
11.83333 0.000003068776223 0.000000251307821
11.92308 0.000001536557138 0.000000177827020
12.01282 0.000000481798171 0.000000099576296
12.10256 0.000000192395095 0.000000062924590
12.19231 0.000000024657961 0.000000022526928
12.28205 0.000000000000000 0.000000000000000
12.37179 0.000000000000000 0.000000000000000
12.46154 0.000000000000000 0.000000000000000
12.55128 0.000000000000000 0.000000000000000
12.64103 0.000000000000000 0.000000000000000
12.73077 0.000000024880751 0.000000022628467
12.82051 0.000000000000000 0.000000000000000
12.91026 0.000000000000000 0.000000000000000
