9.50000 0.000000000000000 0.000000000000000
9.58974 0.000000000000000 0.000000000000000
9.67949 0.000000184248107 0.000000061577905
9.76923 0.000000042247941 0.000000029486700
9.85897 0.000000087524272 0.000000042441199
9.94872 0.000000134856627 0.000000052681671
10.03846 0.000000211916828 0.000000066039856
10.12821 0.000000278324224 0.000000075683097
10.21795 0.000000857155591 0.000000132816865
10.30769 0.000000670022686 0.000000117427049
10.39744 0.000001185737526 0.000000156213181
10.48718 0.000002462186492 0.000000225104339
10.57692 0.000002595259670 0.000000231107374
10.66667 0.000004934557272 0.000000318674631
10.75641 0.000015369369057 0.000000562407902
10.84615 0.000045459980354 0.000000967248391
10.93590 0.000077965673459 0.000001266703911
11.02564 0.000124476230732 0.000001600540281
11.11538 0.000176650281806 0.000001906692075
11.20513 0.000340921175477 0.000002648807410
11.29487 0.000426298837330 0.000002961968722
11.38462 0.000279372399765 0.000002397812077
11.47436 0.000155311185941 0.000001787823996
11.56410 0.000077812963962 0.000001265462771
11.65385 0.000036871379388 0.000000871100146
11.74359 0.000016127286310 0.000000576108181
11.83333 0.000007818573093 0.000000401131848
11.92308 0.000002857561106 0.000000242505257
12.01282 0.000000699226807 0.000000119958887
12.10256 0.000000174467201 0.000000059921171
12.19231 0.000000000000000 0.000000000000000
12.28205 0.000000000000000 0.000000000000000
12.37179 0.000000000000000 0.000000000000000
12.46154 0.000000000000000 0.000000000000000
12.55128 0.000000000000000 0.000000000000000
12.64103 0.000000000000000 0.000000000000000
12.73077 0.000000000000000 0.000000000000000
12.82051 0.000000000000000 0.000000000000000
12.91026 0.000000000000000 0.000000000000000
