9.50000 0.000000107438091 0.000000047022156
9.58974 0.000000105414028 0.000000046577116
9.67949 0.000000000000000 0.000000000000000
9.76923 0.000000127289897 0.000000051182366
9.85897 0.000000091553660 0.000000043407148
9.94872 0.000000146553808 0.000000054918915
10.03846 0.000000239095087 0.000000070146938
10.12821 0.000000373876486 0.000000087717747
10.21795 0.000000363937031 0.000000086543911
10.30769 0.000000636037831 0.000000114410232
10.39744 0.000000808057234 0.000000128956862
10.48718 0.000001728013289 0.000000188580565
10.57692 0.000001980488111 0.000000201887539
10.66667 0.000006122938712 0.000000354979563
10.75641 0.000017464237141 0.000000599512447
10.84615 0.000043098787923 0.000000941794007
10.93590 0.000078772216399 0.000001273238982
11.02564 0.000119474018369 0.000001568050804
11.11538 0.000176415245741 0.000001905423210
11.20513 0.000351762432382 0.000002690593706
11.29487 0.000448810134814 0.000003039168098
11.38462 0.000280180523183 0.000002401277575
11.47436 0.000158937118055 0.000001808573075
11.56410 0.000085706262065 0.000001328096620
11.65385 0.000040926556748 0.000000917753391
11.74359 0.000017049177357 0.000000592345520
11.83333 0.000007010869187 0.000000379847547
11.92308 0.000002414926879 0.000000222933527
12.01282 0.000000861973703 0.000000133189627
12.10256 0.000000042834532 0.000000029690698
12.19231 0.000000117503895 0.000000049175584
12.28205 0.000000000000000 0.000000000000000
12.37179 0.000000000000000 0.000000000000000
12.46154 0.000000042837016 0.000000029691559
12.55128 0.000000000000000 0.000000000000000
12.64103 0.000000000000000 0.000000000000000
12.73077 0.000000000000000 0.000000000000000
12.82051 0.000000000000000 0.000000000000000
12.91026 0.000000044237240 0.000000030172924
