9.50000 0.000000079764016 0.000000040516031
9.58974 0.000000105299676 0.000000046551847
9.67949 0.000000000000000 0.000000000000000
9.76923 0.000000077229312 0.000000039867085
9.85897 0.000000000000000 0.000000000000000
9.94872 0.000000125182767 0.000000050756967
10.03846 0.000000563067794 0.000000107647448
10.12821 0.000000684402500 0.000000118680451
10.21795 0.000000670468329 0.000000117466094
10.30769 0.000002309156003 0.000000217996756
10.39744 0.000003551609984 0.000000270356010
10.48718 0.000004731795179 0.000000312058749
10.57692 0.000009305481888 0.000000437615633
10.66667 0.000017388771916 0.000000598215759
10.75641 0.000043340415665 0.000000944430339
10.84615 0.000076289889710 0.000001253016782
10.93590 0.000090712342987 0.000001366333090
11.02564 0.000118043385895 0.000001558634278
11.11538 0.000163010773474 0.000001831603852
11.20513 0.000246334737135 0.000002251573992
11.29487 0.000394806825632 0.000002850465049
11.38462 0.000291753367602 0.000002450368116
11.47436 0.000164379873103 0.000001839279433
11.56410 0.000088017669090 0.000001345886155
11.65385 0.000045769196322 0.000000970532398
11.74359 0.000020403887628 0.000000648007236
11.83333 0.000009302859271 0.000000437553961
11.92308 0.000003612032255 0.000000272646046
12.01282 0.000000831814055 0.000000130838791
12.10256 0.000000172996388 0.000000059668059
12.19231 0.000000000000000 0.000000000000000
12.28205 0.000000064635332 0.000000036471900
12.37179 0.000000000000000 0.000000000000000
12.46154 0.000000000000000 0.000000000000000
12.55128 0.000000000000000 0.000000000000000
12.64103 0.000000000000000 0.000000000000000
12.73077 0.000000000000000 0.000000000000000
12.82051 0.000000000000000 0.000000000000000
12.91026 0.000000000000000 0.000000000000000
