9.50000 0.000000039015256 0.000000028336136
9.58974 0.000000037388944 0.000000027739268
9.67949 0.000000000000000 0.000000000000000
9.76923 0.000000040549365 0.000000028887863
9.85897 0.000000211019629 0.000000065899910
9.94872 0.000000122580793 0.000000050226696
10.03846 0.000000000000000 0.000000000000000
10.12821 0.000000322956245 0.000000081525832
10.21795 0.000000356518691 0.000000085657333
10.30769 0.000000808273569 0.000000128974123
10.39744 0.000001199209116 0.000000157098072
10.48718 0.000001493811641 0.000000175336088
10.57692 0.000002616982793 0.000000232072579
10.66667 0.000006695322236 0.000000371200999
10.75641 0.000016695400111 0.000000586167601
10.84615 0.000052345230128 0.000001037915388
10.93590 0.000086841079858 0.000001336860224
11.02564 0.000142307252349 0.000001711342401
11.11538 0.000245016721418 0.000002245542382
11.20513 0.000429055507195 0.000002971530105
11.29487 0.000375871747931 0.000002781270541
11.38462 0.000230393958928 0.000002177503881
11.47436 0.000124022064592 0.000001597617733
11.56410 0.000064921305808 0.000001155891360
11.65385 0.000029888606629 0.000000784289189
11.74359 0.000011694990665 0.000000490595244
11.83333 0.000004421157479 0.000000301641705
11.92308 0.000001390746671 0.000000169179372
12.01282 0.000000741899055 0.000000123565094
12.10256 0.000000117712850 0.000000049219289
12.19231 0.000000000000000 0.000000000000000
12.28205 0.000000000000000 0.000000000000000
12.37179 0.000000000000000 0.000000000000000
12.46154 0.000000000000000 0.000000000000000
12.55128 0.000000000000000 0.000000000000000
12.64103 0.000000000000000 0.000000000000000
12.73077 0.000000000000000 0.000000000000000
12.82051 0.000000000000000 0.000000000000000
12.91026 0.000000000000000 0.000000000000000
