9.50000 0.000000000000000 0.000000000000000
9.58974 0.000000000000000 0.000000000000000
9.67949 0.000000000000000 0.000000000000000
9.76923 0.000000000000000 0.000000000000000
9.85897 0.000000000000000 0.000000000000000
9.94872 0.000000002605017 0.000000002272690
10.03846 0.000000000000000 0.000000000000000
10.12821 0.000000014206368 0.000000005307335
10.21795 0.000000015484231 0.000000005540893
10.30769 0.000000028180510 0.000000007474968
10.39744 0.000000071140886 0.000000011876667
10.48718 0.000000340438488 0.000000025980904
10.57692 0.000000937825196 0.000000043121700
10.66667 0.000001748188099 0.000000058874741
10.75641 0.000006373368704 0.000000112413754
10.84615 0.000024153309512 0.000000218838260
10.93590 0.000082533429859 0.000000404529200
11.02564 0.000192405638132 0.000000617651963
11.11538 0.000293162334769 0.000000762410756
11.20513 0.000350635510882 0.000000833801895
11.29487 0.000298528355770 0.000000769356670
11.38462 0.000189931301101 0.000000613667609
11.47436 0.000110226799758 0.000000467496677
11.56410 0.000054376209144 0.000000328351793
11.65385 0.000025225194879 0.000000223641396
11.74359 0.000010411344076 0.000000143677356
11.83333 0.000003810264078 0.000000086918549
11.92308 0.000001278229460 0.000000050343029
12.01282 0.000000442828578 0.000000029631439
12.10256 0.000000249387960 0.000000022236819
12.19231 0.000000081018043 0.000000012674353
12.28205 0.000000027323128 0.000000007360378
12.37179 0.000000005711291 0.000000003365132
12.46154 0.000000014358358 0.000000005335650
12.55128 0.000000008103143 0.000000004008313
12.64103 0.000000008088679 0.000000004004735
12.73077 0.000000002474184 0.000000002214884
12.82051 0.000000002621043 0.000000002279670
12.91026 0.000000000000000 0.000000000000000
