9.50000 0.000000000000000 0.000000000000000
9.58974 0.000000000000000 0.000000000000000
9.67949 0.000000000000000 0.000000000000000
9.76923 0.000000000000000 0.000000000000000
9.85897 0.000000000000000 0.000000000000000
9.94872 0.000000000000000 0.000000000000000
10.03846 0.000000000000000 0.000000000000000
10.12821 0.000000034024647 0.000000026461850
10.21795 0.000000000000000 0.000000000000000
10.30769 0.000000032421907 0.000000025831087
10.39744 0.000000084905976 0.000000041801563
10.48718 0.000000492847923 0.000000100711684
10.57692 0.000001085287229 0.000000149449938
10.66667 0.000002692246115 0.000000235386078
10.75641 0.000008068123833 0.000000407483166
10.84615 0.000030411801660 0.000000791123834
10.93590 0.000104754102781 0.000001468280107
11.02564 0.000218840887360 0.000002122206438
11.11538 0.000331221230937 0.000002610853344
11.20513 0.000416023165650 0.000002926052750
11.29487 0.000336070486688 0.000002629896042
11.38462 0.000209171951939 0.000002074794646
11.47436 0.000115575390508 0.000001542254616
11.56410 0.000056832265373 0.000001081485940
11.65385 0.000025656805517 0.000000726649008
11.74359 0.000009859685519 0.000000450458644
11.83333 0.000004588422543 0.000000307294719
11.92308 0.000001526281110 0.000000177231396
12.01282 0.000000486618835 0.000000100073215
12.10256 0.000000089074830 0.000000042815488
12.19231 0.000000046164738 0.000000030823261
12.28205 0.000000000000000 0.000000000000000
12.37179 0.000000030155531 0.000000024911902
12.46154 0.000000000000000 0.000000000000000
12.55128 0.000000000000000 0.000000000000000
12.64103 0.000000000000000 0.000000000000000
12.73077 0.000000000000000 0.000000000000000
12.82051 0.000000000000000 0.000000000000000
12.91026 0.000000000000000 0.000000000000000
