9.50000 0.000000000000000 0.000000000000000
9.58974 0.000000000000000 0.000000000000000
9.67949 0.000000000000000 0.000000000000000
9.76923 0.000000000000000 0.000000000000000
9.85897 0.000000000000000 0.000000000000000
9.94872 0.000000000000000 0.000000000000000
10.03846 0.000000000000000 0.000000000000000
10.12821 0.000000000000000 0.000000000000000
10.21795 0.000000000000000 0.000000000000000
10.30769 0.000000000000000 0.000000000000000
10.39744 0.000000055782633 0.000000033882301
10.48718 0.000000111840932 0.000000047975972
10.57692 0.000000212643172 0.000000066152935
10.66667 0.000001290756650 0.000000162984228
10.75641 0.000005697842534 0.000000342435369
10.84615 0.000011081680432 0.000000477558088
10.93590 0.000023926735931 0.000000701722048
11.02564 0.000055814638374 0.000001071759771
11.11538 0.000105497639686 0.000001473481765
11.20513 0.000134408465889 0.000001663170243
11.29487 0.000133321542939 0.000001656431801
11.38462 0.000101386908913 0.000001444489320
11.47436 0.000064166536888 0.000001149152575
11.56410 0.000030695089611 0.000000794799979
11.65385 0.000014730248186 0.000000550590135
11.74359 0.000005797235512 0.000000345409172
11.83333 0.000002063661641 0.000000206083224
11.92308 0.000000569181797 0.000000108230308
12.01282 0.000000355648424 0.000000085552723
12.10256 0.000000428315558 0.000000093886969
12.19231 0.000000022305732 0.000000021425533
12.28205 0.000000022199034 0.000000021374228
12.37179 0.000000022594579 0.000000021563811
12.46154 0.000000000000000 0.000000000000000
12.55128 0.000000000000000 0.000000000000000
12.64103 0.000000000000000 0.000000000000000
12.73077 0.000000000000000 0.000000000000000
12.82051 0.000000000000000 0.000000000000000
12.91026 0.000000000000000 0.000000000000000
