9.50000 0.000000000000000 0.000000000000000
9.58974 0.000000000000000 0.000000000000000
9.67949 0.000000000000000 0.000000000000000
9.76923 0.000000029810541 0.000000024768992
9.85897 0.000000000000000 0.000000000000000
9.94872 0.000000000000000 0.000000000000000
10.03846 0.000000081335542 0.000000040913212
10.12821 0.000000143865168 0.000000054412819
10.21795 0.000000029590494 0.000000024677406
10.30769 0.000000215307088 0.000000066566015
10.39744 0.000000219644567 0.000000067233176
10.48718 0.000000604603578 0.000000111547220
10.57692 0.000001097858663 0.000000150313024
10.66667 0.000003026542628 0.000000249572536
10.75641 0.000007819922458 0.000000401166461
10.84615 0.000027541727132 0.000000752868245
10.93590 0.000083352321686 0.000001309731415
11.02564 0.000168241128314 0.000001860756224
11.11538 0.000275522532976 0.000002381233344
11.20513 0.000405027471428 0.000002887125313
11.29487 0.000354896633207 0.000002702553710
11.38462 0.000209030097358 0.000002074090993
11.47436 0.000122860430909 0.000001590118210
11.56410 0.000060861897621 0.000001119170202
11.65385 0.000028292577639 0.000000763061694
11.74359 0.000012503365125 0.000000507267281
11.83333 0.000005469148998 0.000000335492852
11.92308 0.000001432361139 0.000000171691842
12.01282 0.000000404701906 0.000000091262218
12.10256 0.000000181417396 0.000000061103046
12.19231 0.000000127336363 0.000000051191707
12.28205 0.000000000000000 0.000000000000000
12.37179 0.000000000000000 0.000000000000000
12.46154 0.000000000000000 0.000000000000000
12.55128 0.000000000000000 0.000000000000000
12.64103 0.000000000000000 0.000000000000000
12.73077 0.000000000000000 0.000000000000000
12.82051 0.000000000000000 0.000000000000000
12.91026 0.000000000000000 0.000000000000000
