9.50000 0.000000000000000 0.000000000000000
9.58974 0.000000000000000 0.000000000000000
9.67949 0.000000000000000 0.000000000000000
9.76923 0.000000067567579 0.000000037290016
9.85897 0.000000127054630 0.000000051135045
9.94872 0.000000464252019 0.000000097746293
10.03846 0.000001563210601 0.000000179362703
10.12821 0.000001930640725 0.000000199330670
10.21795 0.000001985590184 0.000000202147420
10.30769 0.000002513734490 0.000000227448510
10.39744 0.000004473843014 0.000000303433666
10.48718 0.000008077309681 0.000000407715067
10.57692 0.000011271094335 0.000000481622133
10.66667 0.000028470366913 0.000000765455462
10.75641 0.000056559011218 0.000001078882872
10.84615 0.000080691923469 0.000001288660237
10.93590 0.000102629998166 0.000001453317672
11.02564 0.000119498718459 0.000001568212885
11.11538 0.000157730886948 0.000001801697047
11.20513 0.000202460172533 0.000002041235888
11.29487 0.000335511596142 0.000002627708353
11.38462 0.000280692858962 0.000002403472050
11.47436 0.000169261214881 0.000001866388806
11.56410 0.000095912099166 0.000001404947488
11.65385 0.000045468171245 0.000000967335525
11.74359 0.000022435247811 0.000000679499012
11.83333 0.000007462818060 0.000000391899601
11.92308 0.000003846043317 0.000000281339350
12.01282 0.000002353695311 0.000000220089090
12.10256 0.000000779762564 0.000000126678988
12.19231 0.000000065751337 0.000000036785417
12.28205 0.000000000000000 0.000000000000000
12.37179 0.000000136376204 0.000000052977650
12.46154 0.000000000000000 0.000000000000000
12.55128 0.000000000000000 0.000000000000000
12.64103 0.000000000000000 0.000000000000000
12.73077 0.000000000000000 0.000000000000000
12.82051 0.000000000000000 0.000000000000000
12.91026 0.000000000000000 0.000000000000000
