9.50000 0.000000000000000 0.000000000000000
9.58974 0.000000000000000 0.000000000000000
9.67949 0.000000000000000 0.000000000000000
9.76923 0.000000000000000 0.000000000000000
9.85897 0.000000000000000 0.000000000000000
9.94872 0.000000118518139 0.000000049387359
10.03846 0.000000197732462 0.000000063791436
10.12821 0.000000384244886 0.000000088925731
10.21795 0.000000250983376 0.000000071869707
10.30769 0.000000764671724 0.000000125447182
10.39744 0.000001555804018 0.000000178937283
10.48718 0.000001735031021 0.000000188963105
10.57692 0.000003255704075 0.000000258848621
10.66667 0.000007278187945 0.000000387021442
10.75641 0.000022433787295 0.000000679476894
10.84615 0.000052053689112 0.000001035020975
10.93590 0.000077171911358 0.000001260239311
11.02564 0.000116199649462 0.000001546414108
11.11538 0.000162583525504 0.000001829201978
11.20513 0.000280372936924 0.000002402101971
11.29487 0.000429100834498 0.000002971687063
11.38462 0.000283930471016 0.000002417293563
11.47436 0.000167056507037 0.000001854193662
11.56410 0.000090031969445 0.000001361199464
11.65385 0.000044865483658 0.000000960903048
11.74359 0.000018940927827 0.000000624344110
11.83333 0.000006205282727 0.000000357358553
11.92308 0.000003761107621 0.000000278215470
12.01282 0.000000868936966 0.000000133726516
12.10256 0.000000509901458 0.000000102439281
12.19231 0.000000000000000 0.000000000000000
12.28205 0.000000000000000 0.000000000000000
12.37179 0.000000106402277 0.000000046794936
12.46154 0.000000000000000 0.000000000000000
12.55128 0.000000000000000 0.000000000000000
12.64103 0.000000000000000 0.000000000000000
12.73077 0.000000000000000 0.000000000000000
12.82051 0.000000000000000 0.000000000000000
12.91026 0.000000000000000 0.000000000000000
