9.50000 0.000000000000000 0.000000000000000
9.58974 0.000000000000000 0.000000000000000
9.67949 0.000000000000000 0.000000000000000
9.76923 0.000000000000000 0.000000000000000
9.85897 0.000000000000000 0.000000000000000
9.94872 0.000000000000000 0.000000000000000
10.03846 0.000000000000000 0.000000000000000
10.12821 0.000000000000000 0.000000000000000
10.21795 0.000000026524163 0.000000023363841
10.30769 0.000000000000000 0.000000000000000
10.39744 0.000000024234207 0.000000022332524
10.48718 0.000000163584062 0.000000058022159
10.57692 0.000000876297095 0.000000134291672
10.66667 0.000001330267275 0.000000165459934
10.75641 0.000004564478063 0.000000306491868
10.84615 0.000015253795335 0.000000560289330
10.93590 0.000047893737778 0.000000992802267
11.02564 0.000117248664896 0.000001553378705
11.11538 0.000197474061102 0.000002015943810
11.20513 0.000237723192946 0.000002211867826
11.29487 0.000229162359124 0.000002171676022
11.38462 0.000161067260487 0.000001820652367
11.47436 0.000095233169600 0.000001399966081
11.56410 0.000050337261182 0.000001017813449
11.65385 0.000024989538116 0.000000717137625
11.74359 0.000008991635962 0.000000430172607
11.83333 0.000002903754807 0.000000244457499
11.92308 0.000001001234549 0.000000143546070
12.01282 0.000000300071660 0.000000078584317
12.10256 0.000000118704494 0.000000049426172
12.19231 0.000000083803095 0.000000041529186
12.28205 0.000000000000000 0.000000000000000
12.37179 0.000000000000000 0.000000000000000
12.46154 0.000000000000000 0.000000000000000
12.55128 0.000000000000000 0.000000000000000
12.64103 0.000000000000000 0.000000000000000
12.73077 0.000000000000000 0.000000000000000
12.82051 0.000000000000000 0.000000000000000
12.91026 0.000000000000000 0.000000000000000
