9.50000 0.000000000000000 0.000000000000000
9.58974 0.000000069303181 0.000000037765912
9.67949 0.000000070390999 0.000000038061155
9.76923 0.000000137297964 0.000000053156385
9.85897 0.000000068649320 0.000000037587333
9.94872 0.000001000806474 0.000000143515381
10.03846 0.000001220607416 0.000000158493478
10.12821 0.000001301505765 0.000000163661468
10.21795 0.000002147145100 0.000000210210348
10.30769 0.000003883985648 0.000000282723691
10.39744 0.000007291682687 0.000000387380071
10.48718 0.000010272480494 0.000000459791625
10.57692 0.000015549325661 0.000000565690876
10.66667 0.000038435780994 0.000000889387967
10.75641 0.000063545150248 0.000001143574860
10.84615 0.000085892657660 0.000001329540020
10.93590 0.000104293243026 0.000001465046739
11.02564 0.000126502545481 0.000001613515071
11.11538 0.000145072981212 0.000001727892271
11.20513 0.000186895392034 0.000001961203642
11.29487 0.000329602580271 0.000002604466019
11.38462 0.000286745305073 0.000002429246312
11.47436 0.000171814489534 0.000001880413183
11.56410 0.000092055874207 0.000001376414209
11.65385 0.000044954659639 0.000000961857534
11.74359 0.000024056068348 0.000000703616019
11.83333 0.000010223552565 0.000000458695322
11.92308 0.000002837467922 0.000000241651154
12.01282 0.000001387289049 0.000000168968937
12.10256 0.000000487868946 0.000000100201675
12.19231 0.000000000000000 0.000000000000000
12.28205 0.000000000000000 0.000000000000000
12.37179 0.000000000000000 0.000000000000000
12.46154 0.000000000000000 0.000000000000000
12.55128 0.000000000000000 0.000000000000000
12.64103 0.000000000000000 0.000000000000000
12.73077 0.000000000000000 0.000000000000000
12.82051 0.000000000000000 0.000000000000000
12.91026 0.000000000000000 0.000000000000000
