9.50000 0.000000045984628 0.000000030763074
9.58974 0.000000052299551 0.000000032807442
9.67949 0.000000000000000 0.000000000000000
9.76923 0.000000051066745 0.000000032418468
9.85897 0.000000000000000 0.000000000000000
9.94872 0.000000118161609 0.000000049313019
10.03846 0.000000104711691 0.000000046421694
10.12821 0.000000503564921 0.000000101800785
10.21795 0.000000478026395 0.000000099185762
10.30769 0.000000802932233 0.000000128547265
10.39744 0.000001246105551 0.000000160140363
10.48718 0.000002515863545 0.000000227544810
10.57692 0.000003049541817 0.000000250519012
10.66667 0.000006754687358 0.000000372843023
10.75641 0.000019980458988 0.000000641248149
10.84615 0.000049285189459 0.000001007120901
10.93590 0.000081100574677 0.000001291919222
11.02564 0.000112684494946 0.000001522844206
11.11538 0.000159870528442 0.000001813876020
11.20513 0.000288896572560 0.000002438341828
11.29487 0.000420574700880 0.000002942015567
11.38462 0.000264342140199 0.000002332419131
11.47436 0.000157125806396 0.000001798237930
11.56410 0.000083395593423 0.000001310071340
11.65385 0.000035778423208 0.000000858092275
11.74359 0.000017487925770 0.000000599918901
11.83333 0.000008408394130 0.000000415987159
11.92308 0.000002308569679 0.000000217969078
12.01282 0.000001197490341 0.000000156985451
12.10256 0.000000484030383 0.000000099806702
12.19231 0.000000000000000 0.000000000000000
12.28205 0.000000164337367 0.000000058155602
12.37179 0.000000000000000 0.000000000000000
12.46154 0.000000000000000 0.000000000000000
12.55128 0.000000000000000 0.000000000000000
12.64103 0.000000000000000 0.000000000000000
12.73077 0.000000000000000 0.000000000000000
12.82051 0.000000000000000 0.000000000000000
12.91026 0.000000000000000 0.000000000000000
