9.50000 0.000000000000000 0.000000000000000
9.58974 0.000000000000000 0.000000000000000
9.67949 0.000000000000000 0.000000000000000
9.76923 0.000000000000000 0.000000000000000
9.85897 0.000000000000000 0.000000000000000
9.94872 0.000000000000000 0.000000000000000
10.03846 0.000000000000000 0.000000000000000
10.12821 0.000000059853241 0.000000035096776
10.21795 0.000000000000000 0.000000000000000
10.30769 0.000000000000000 0.000000000000000
10.39744 0.000000064977923 0.000000036568429
10.48718 0.000000335027892 0.000000083035514
10.57692 0.000000929356896 0.000000138297604
10.66667 0.000002659813412 0.000000233963969
10.75641 0.000009426872503 0.000000440460747
10.84615 0.000035885202864 0.000000859371797
10.93590 0.000111933501953 0.000001517761177
11.02564 0.000240345298751 0.000002224032912
11.11538 0.000353956867421 0.000002698973159
11.20513 0.000427460000273 0.000002965999920
11.29487 0.000335098853926 0.000002626091568
11.38462 0.000209003544661 0.000002073959255
11.47436 0.000116793315674 0.000001550359404
11.56410 0.000057364027567 0.000001086533728
11.65385 0.000028375937672 0.000000764184993
11.74359 0.000012373900269 0.000000504634223
11.83333 0.000004808039716 0.000000314562840
11.92308 0.000001410791228 0.000000170394185
12.01282 0.000000427682562 0.000000093817567
12.10256 0.000000110233248 0.000000047629903
12.19231 0.000000211520313 0.000000065978044
12.28205 0.000000000000000 0.000000000000000
12.37179 0.000000000000000 0.000000000000000
12.46154 0.000000000000000 0.000000000000000
12.55128 0.000000000000000 0.000000000000000
12.64103 0.000000000000000 0.000000000000000
12.73077 0.000000000000000 0.000000000000000
12.82051 0.000000000000000 0.000000000000000
12.91026 0.000000000000000 0.000000000000000
