9.50000 0.000000009924952 0.000000004436078
9.58974 0.000000020353779 0.000000006352687
9.67949 0.000000024052058 0.000000006905753
9.76923 0.000000018047644 0.000000005981983
9.85897 0.000000037362169 0.000000008606984
9.94872 0.000000080636203 0.000000012644451
10.03846 0.000000047380512 0.000000009692478
10.12821 0.000000153084769 0.000000017422117
10.21795 0.000000309847880 0.000000024786157
10.30769 0.000000577115150 0.000000033827209
10.39744 0.000000916201334 0.000000042621663
10.48718 0.000001394584350 0.000000052584448
10.57692 0.000001934454164 0.000000061931864
10.66667 0.000004443052989 0.000000093858947
10.75641 0.000012769131098 0.000000159116641
10.84615 0.000039123096740 0.000000278516892
10.93590 0.000077244614510 0.000000391353330
11.02564 0.000131862023447 0.000000511322374
11.11538 0.000246546850591 0.000000699173016
11.20513 0.000428009736835 0.000000921216596
11.29487 0.000367330387575 0.000000853421063
11.38462 0.000223133811268 0.000000665146976
11.47436 0.000123121946382 0.000000494086133
11.56410 0.000063396899127 0.000000354543018
11.65385 0.000029412375313 0.000000241490460
11.74359 0.000012260843094 0.000000155917584
11.83333 0.000004692449135 0.000000096457214
11.92308 0.000001759928023 0.000000059072096
12.01282 0.000000641477303 0.000000035663633
12.10256 0.000000231866239 0.000000021441427
12.19231 0.000000086714340 0.000000013112346
12.28205 0.000000031672190 0.000000007924538
12.37179 0.000000008291363 0.000000004054599
12.46154 0.000000000000000 0.000000000000000
12.55128 0.000000004298384 0.000000002919359
12.64103 0.000000003521987 0.000000002642584
12.73077 0.000000000000000 0.000000000000000
12.82051 0.000000000000000 0.000000000000000
12.91026 0.000000000000000 0.000000000000000
