9.50000 0.000000000000000 0.000000000000000
9.58974 0.000000000000000 0.000000000000000
9.67949 0.000000000000000 0.000000000000000
9.76923 0.000000000000000 0.000000000000000
9.85897 0.000000000000000 0.000000000000000
9.94872 0.000000000000000 0.000000000000000
10.03846 0.000000000000000 0.000000000000000
10.12821 0.000000000000000 0.000000000000000
10.21795 0.000000000000000 0.000000000000000
10.30769 0.000000000000000 0.000000000000000
10.39744 0.000000025268682 0.000000022804192
10.48718 0.000000099970297 0.000000045358521
10.57692 0.000000312723604 0.000000080223892
10.66667 0.000002185865142 0.000000212097269
10.75641 0.000005028213310 0.000000321684578
10.84615 0.000010129283789 0.000000456575668
10.93590 0.000028172570891 0.000000761441660
11.02564 0.000064591631939 0.000001152952785
11.11538 0.000125412099421 0.000001606545807
11.20513 0.000150988657275 0.000001762769614
11.29487 0.000146161807172 0.000001734364382
11.38462 0.000108775461350 0.000001496197281
11.47436 0.000069104609307 0.000001192550838
11.56410 0.000034008460714 0.000000836598115
11.65385 0.000017462388646 0.000000599480718
11.74359 0.000006691552388 0.000000371096480
11.83333 0.000002187936355 0.000000212197731
11.92308 0.000000556440566 0.000000107012075
12.01282 0.000000522517193 0.000000103698789
12.10256 0.000000132893464 0.000000052296811
12.19231 0.000000079414833 0.000000040427251
12.28205 0.000000000000000 0.000000000000000
12.37179 0.000000000000000 0.000000000000000
12.46154 0.000000000000000 0.000000000000000
12.55128 0.000000000000000 0.000000000000000
12.64103 0.000000022173305 0.000000021361837
12.73077 0.000000000000000 0.000000000000000
12.82051 0.000000000000000 0.000000000000000
12.91026 0.000000000000000 0.000000000000000
