9.50000 0.000000000000000 0.000000000000000
9.58974 0.000000000000000 0.000000000000000
9.67949 0.000000002338912 0.000000002153485
9.76923 0.000000002487175 0.000000002220691
9.85897 0.000000006948565 0.000000003711782
9.94872 0.000000000000000 0.000000000000000
10.03846 0.000000000000000 0.000000000000000
10.12821 0.000000000000000 0.000000000000000
10.21795 0.000000000000000 0.000000000000000
10.30769 0.000000005354305 0.000000003258266
10.39744 0.000000008758146 0.000000004167168
10.48718 0.000000024365911 0.000000006950663
10.57692 0.000000120608652 0.000000015464083
10.66667 0.000000735120481 0.000000038178089
10.75641 0.000003604529892 0.000000084539416
10.84615 0.000009088104748 0.000000134236800
10.93590 0.000015004185889 0.000000172480955
11.02564 0.000025110895643 0.000000223134144
11.11538 0.000043489303125 0.000000293647395
11.20513 0.000063644466677 0.000000355234596
11.29487 0.000069739537767 0.000000371855716
11.38462 0.000059735608774 0.000000344153013
11.47436 0.000042104726954 0.000000288935135
11.56410 0.000024022061096 0.000000218242869
11.65385 0.000011548765000 0.000000151322219
11.74359 0.000004719899720 0.000000096738938
11.83333 0.000001947811029 0.000000062145307
11.92308 0.000000693965490 0.000000037094017
12.01282 0.000000293413297 0.000000024119862
12.10256 0.000000121200998 0.000000015502010
12.19231 0.000000047543269 0.000000009709111
12.28205 0.000000024328379 0.000000006945308
12.37179 0.000000011013083 0.000000004672931
12.46154 0.000000024092150 0.000000006911506
12.55128 0.000000027870690 0.000000007433764
12.64103 0.000000009712472 0.000000004388336
12.73077 0.000000006794709 0.000000003670459
12.82051 0.000000004431491 0.000000002964216
12.91026 0.000000000000000 0.000000000000000
