9.50000 0.000000035125652 0.000000008345399
9.58974 0.000000041624471 0.000000009084673
9.67949 0.000000072436616 0.000000011984337
9.76923 0.000000072211471 0.000000011965698
9.85897 0.000000099020444 0.000000014011911
9.94872 0.000000124375223 0.000000015703696
10.03846 0.000000255437618 0.000000022504914
10.12821 0.000000383169101 0.000000027563234
10.21795 0.000000562392121 0.000000033392931
10.30769 0.000000751325751 0.000000038596601
10.39744 0.000001178749612 0.000000048344348
10.48718 0.000001820638166 0.000000060082328
10.57692 0.000002791035502 0.000000074390523
10.66667 0.000006058255466 0.000000109599537
10.75641 0.000018634157457 0.000000192216121
10.84615 0.000048079707063 0.000000308756305
10.93590 0.000081538854271 0.000000402084407
11.02564 0.000122941595468 0.000000493724128
11.11538 0.000183583673990 0.000000603325883
11.20513 0.000335448007256 0.000000815544263
11.29487 0.000418875059719 0.000000911333176
11.38462 0.000266689805937 0.000000727173656
11.47436 0.000152391432997 0.000000549686670
11.56410 0.000080475279181 0.000000399453449
11.65385 0.000038510409256 0.000000276327429
11.74359 0.000016837394809 0.000000182714232
11.83333 0.000007125029312 0.000000118857956
11.92308 0.000002581032369 0.000000071537153
12.01282 0.000000819466077 0.000000040308851
12.10256 0.000000328267163 0.000000025512243
12.19231 0.000000039358965 0.000000008833987
12.28205 0.000000034469066 0.000000008267033
12.37179 0.000000014005439 0.000000005269668
12.46154 0.000000009504385 0.000000004341072
12.55128 0.000000000000000 0.000000000000000
12.64103 0.000000000000000 0.000000000000000
12.73077 0.000000000000000 0.000000000000000
12.82051 0.000000000000000 0.000000000000000
12.91026 0.000000004589304 0.000000003016535
