9.50000 0.000000000000000 0.000000000000000
9.58974 0.000000000000000 0.000000000000000
9.67949 0.000000000000000 0.000000000000000
9.76923 0.000000000000000 0.000000000000000
9.85897 0.000000000000000 0.000000000000000
9.94872 0.000000025576331 0.000000022942594
10.03846 0.000000000000000 0.000000000000000
10.12821 0.000000000000000 0.000000000000000
10.21795 0.000000000000000 0.000000000000000
10.30769 0.000000025248204 0.000000022794950
10.39744 0.000000026581115 0.000000023388910
10.48718 0.000000340110646 0.000000083663014
10.57692 0.000000508620891 0.000000102310567
10.66667 0.000001490810551 0.000000175159873
10.75641 0.000005678540644 0.000000341854864
10.84615 0.000019025393698 0.000000625734673
10.93590 0.000073077413520 0.000001226351532
11.02564 0.000176126008763 0.000001903860576
11.11538 0.000266425775158 0.000002341593550
11.20513 0.000327009216118 0.000002594199614
11.29487 0.000295895511597 0.000002467701260
11.38462 0.000188692192688 0.000001970608536
11.47436 0.000106701260509 0.000001481863391
11.56410 0.000051395265569 0.000001028454189
11.65385 0.000023514375924 0.000000695648932
11.74359 0.000009541856304 0.000000443138854
11.83333 0.000003671206752 0.000000274870300
11.92308 0.000001003755537 0.000000143726672
12.01282 0.000000593118536 0.000000110482665
12.10256 0.000000518907700 0.000000103339999
12.19231 0.000000039005210 0.000000028332487
12.28205 0.000000028906594 0.000000024390565
12.37179 0.000000000000000 0.000000000000000
12.46154 0.000000027081309 0.000000023607947
12.55128 0.000000000000000 0.000000000000000
12.64103 0.000000000000000 0.000000000000000
12.73077 0.000000000000000 0.000000000000000
12.82051 0.000000000000000 0.000000000000000
12.91026 0.000000000000000 0.000000000000000
