9.50000 0.000000000000000 0.000000000000000
9.58974 0.000000000000000 0.000000000000000
9.67949 0.000000032129701 0.000000025714420
9.76923 0.000000000000000 0.000000000000000
9.85897 0.000000000000000 0.000000000000000
9.94872 0.000000000000000 0.000000000000000
10.03846 0.000000000000000 0.000000000000000
10.12821 0.000000066257459 0.000000036926724
10.21795 0.000000122919016 0.000000050295940
10.30769 0.000000339290908 0.000000083562131
10.39744 0.000000420287102 0.000000093002886
10.48718 0.000000923304298 0.000000137846525
10.57692 0.000001396998533 0.000000169559204
10.66667 0.000003673985750 0.000000274974314
10.75641 0.000009685971996 0.000000446472792
10.84615 0.000032369651924 0.000000816192141
10.93590 0.000073713595492 0.000001231678021
11.02564 0.000122418098973 0.000001587253194
11.11538 0.000240263229502 0.000002223653166
11.20513 0.000422556012985 0.000002948937289
11.29487 0.000363228065450 0.000002734091803
11.38462 0.000219254286803 0.000002124209960
11.47436 0.000125365663466 0.000001606248355
11.56410 0.000063655101924 0.000001144563792
11.65385 0.000028649117606 0.000000767854651
11.74359 0.000013171304366 0.000000520640306
11.83333 0.000004656129384 0.000000309553639
11.92308 0.000001504038397 0.000000175935247
12.01282 0.000000734340148 0.000000122934005
12.10256 0.000000261320992 0.000000073334873
12.19231 0.000000245625400 0.000000071098433
12.28205 0.000000000000000 0.000000000000000
12.37179 0.000000000000000 0.000000000000000
12.46154 0.000000000000000 0.000000000000000
12.55128 0.000000000000000 0.000000000000000
12.64103 0.000000000000000 0.000000000000000
12.73077 0.000000000000000 0.000000000000000
12.82051 0.000000000000000 0.000000000000000
12.91026 0.000000000000000 0.000000000000000
