9.50000 0.000000000000000 0.000000000000000
9.58974 0.000000000000000 0.000000000000000
9.67949 0.000000000000000 0.000000000000000
9.76923 0.000000000000000 0.000000000000000
9.85897 0.000000000000000 0.000000000000000
9.94872 0.000000000000000 0.000000000000000
10.03846 0.000000000000000 0.000000000000000
10.12821 0.000000000000000 0.000000000000000
10.21795 0.000000000000000 0.000000000000000
10.30769 0.000000000000000 0.000000000000000
10.39744 0.000000000000000 0.000000000000000
10.48718 0.000000022180234 0.000000021365175
10.57692 0.000000107047362 0.000000046936573
10.66667 0.000000652049966 0.000000115841409
10.75641 0.000003597182676 0.000000272085026
10.84615 0.000008627137598 0.000000421363348
10.93590 0.000013555283349 0.000000528174821
11.02564 0.000020355767316 0.000000647242658
11.11538 0.000029883463754 0.000000784221711
11.20513 0.000049945287588 0.000001013842874
11.29487 0.000056265679866 0.000001076081536
11.38462 0.000050878096758 0.000001023266656
11.47436 0.000035034751606 0.000000849127518
11.56410 0.000021389944918 0.000000663480598
11.65385 0.000010776856985 0.000000470944201
11.74359 0.000003982367526 0.000000286282013
11.83333 0.000001443905877 0.000000172382366
11.92308 0.000000687518065 0.000000118950275
12.01282 0.000000368510516 0.000000087085999
12.10256 0.000000020645966 0.000000020612990
12.19231 0.000000041660876 0.000000029281114
12.28205 0.000000000000000 0.000000000000000
12.37179 0.000000000000000 0.000000000000000
12.46154 0.000000000000000 0.000000000000000
12.55128 0.000000000000000 0.000000000000000
12.64103 0.000000000000000 0.000000000000000
12.73077 0.000000000000000 0.000000000000000
12.82051 0.000000021631453 0.000000021099212
12.91026 0.000000000000000 0.000000000000000
