9.50000 0.000000000000000 0.000000000000000
9.58974 0.000000000000000 0.000000000000000
9.67949 0.000000000000000 0.000000000000000
9.76923 0.000000000000000 0.000000000000000
9.85897 0.000000000000000 0.000000000000000
9.94872 0.000000000000000 0.000000000000000
10.03846 0.000000000000000 0.000000000000000
10.12821 0.000000000000000 0.000000000000000
10.21795 0.000000000000000 0.000000000000000
10.30769 0.000000026165163 0.000000023205189
10.39744 0.000000050605502 0.000000032271731
10.48718 0.000000209035207 0.000000065589318
10.57692 0.000000597431287 0.000000110883615
10.66667 0.000001347811401 0.000000166547438
10.75641 0.000005098175228 0.000000323914786
10.84615 0.000018838722675 0.000000622657352
10.93590 0.000068341625674 0.000001185949092
11.02564 0.000160891604848 0.000001819659319
11.11538 0.000261467793936 0.000002319703594
11.20513 0.000312942677001 0.000002537790637
11.29487 0.000283340801270 0.000002414782128
11.38462 0.000183864520869 0.000001945236282
11.47436 0.000109179528882 0.000001498973662
11.56410 0.000056502977133 0.000001078348304
11.65385 0.000025781385915 0.000000728411048
11.74359 0.000010946821613 0.000000474643365
11.83333 0.000003591502878 0.000000271870135
11.92308 0.000001185823180 0.000000156218823
12.01282 0.000000366930346 0.000000086899086
12.10256 0.000000557643801 0.000000107127713
12.19231 0.000000025819103 0.000000023051223
12.28205 0.000000032666070 0.000000025928169
12.37179 0.000000027428299 0.000000023758709
12.46154 0.000000000000000 0.000000000000000
12.55128 0.000000000000000 0.000000000000000
12.64103 0.000000000000000 0.000000000000000
12.73077 0.000000000000000 0.000000000000000
12.82051 0.000000000000000 0.000000000000000
12.91026 0.000000000000000 0.000000000000000
