9.50000 0.000000000000000 0.000000000000000
9.58974 0.000000033781001 0.000000026366935
9.67949 0.000000000000000 0.000000000000000
9.76923 0.000000000000000 0.000000000000000
9.85897 0.000000000000000 0.000000000000000
9.94872 0.000000099035523 0.000000045145960
10.03846 0.000000032697707 0.000000025940721
10.12821 0.000000101464935 0.000000045696337
10.21795 0.000000395589035 0.000000090228870
10.30769 0.000000381131644 0.000000088564749
10.39744 0.000000887350107 0.000000135135949
10.48718 0.000000797865214 0.000000128141015
10.57692 0.000001722450078 0.000000188276760
10.66667 0.000003382544073 0.000000263842726
10.75641 0.000008533383199 0.000000419067536
10.84615 0.000031762178243 0.000000808497225
10.93590 0.000072291555603 0.000001219739755
11.02564 0.000123350159667 0.000001593284210
11.11538 0.000237068908838 0.000002208821874
11.20513 0.000420770361437 0.000002942699833
11.29487 0.000366791389682 0.000002747470007
11.38462 0.000223620309247 0.000002145255460
11.47436 0.000127498828470 0.000001619856307
11.56410 0.000063498592405 0.000001143155850
11.65385 0.000030486528364 0.000000792095197
11.74359 0.000012915433890 0.000000515558432
11.83333 0.000005059968041 0.000000322698748
11.92308 0.000002513829792 0.000000227452821
12.01282 0.000000471859092 0.000000098543857
12.10256 0.000000372285349 0.000000087530895
12.19231 0.000000058146569 0.000000034592778
12.28205 0.000000034630196 0.000000026696287
12.37179 0.000000043880632 0.000000030051063
12.46154 0.000000000000000 0.000000000000000
12.55128 0.000000000000000 0.000000000000000
12.64103 0.000000033006606 0.000000026062965
12.73077 0.000000000000000 0.000000000000000
12.82051 0.000000000000000 0.000000000000000
12.91026 0.000000000000000 0.000000000000000
