9.50000 0.000000000000000 0.000000000000000
9.58974 0.000000000000000 0.000000000000000
9.67949 0.000000002306206 0.000000002138375
9.76923 0.000000002398018 0.000000002180525
9.85897 0.000000000000000 0.000000000000000
9.94872 0.000000000000000 0.000000000000000
10.03846 0.000000000000000 0.000000000000000
10.12821 0.000000002812951 0.000000002361653
10.21795 0.000000005148230 0.000000003194949
10.30769 0.000000007548872 0.000000003868797
10.39744 0.000000029581055 0.000000007658465
10.48718 0.000000179297581 0.000000018854809
10.57692 0.000000471663183 0.000000030580946
10.66667 0.000001569727365 0.000000055788803
10.75641 0.000004793017631 0.000000097485370
10.84615 0.000012839835751 0.000000159556559
10.93590 0.000034078317701 0.000000259940532
11.02564 0.000085585181192 0.000000411940239
11.11538 0.000150008377695 0.000000545371810
11.20513 0.000184354023614 0.000000604590389
11.29487 0.000184753292058 0.000000605244737
11.38462 0.000136864662364 0.000000520931470
11.47436 0.000083380093815 0.000000406598824
11.56410 0.000042693871667 0.000000290949556
11.65385 0.000021003723810 0.000000204071839
11.74359 0.000008082349827 0.000000126591268
11.83333 0.000002876062474 0.000000075515150
11.92308 0.000001041303920 0.000000045438468
12.01282 0.000000331897814 0.000000025652939
12.10256 0.000000188910992 0.000000019353679
12.19231 0.000000059735220 0.000000010883038
12.28205 0.000000032123853 0.000000007980843
12.37179 0.000000006943784 0.000000003710505
12.46154 0.000000007411898 0.000000003833537
12.55128 0.000000007542268 0.000000003867105
12.64103 0.000000002271742 0.000000002122338
12.73077 0.000000002376618 0.000000002170774
12.82051 0.000000011666071 0.000000004809470
12.91026 0.000000000000000 0.000000000000000
