9.50000 0.000000000000000 0.000000000000000
9.58974 0.000000000000000 0.000000000000000
9.67949 0.000000121553811 0.000000050015854
9.76923 0.000000036291033 0.000000027328957
9.85897 0.000000034946659 0.000000026817990
9.94872 0.000000000000000 0.000000000000000
10.03846 0.000000000000000 0.000000000000000
10.12821 0.000000149637052 0.000000055493608
10.21795 0.000000257591051 0.000000072809623
10.30769 0.000000628606570 0.000000113739903
10.39744 0.000000697601831 0.000000119819416
10.48718 0.000001103763643 0.000000150716721
10.57692 0.000001717864636 0.000000188025981
10.66667 0.000004702937158 0.000000311105710
10.75641 0.000014071816647 0.000000538143970
10.84615 0.000040080513018 0.000000908217843
10.93590 0.000080226202746 0.000001284936046
11.02564 0.000138903258351 0.000001690750836
11.11538 0.000253887825075 0.000002285832123
11.20513 0.000428763214527 0.000002970517760
11.29487 0.000364895453268 0.000002740360002
11.38462 0.000216289395784 0.000002109798639
11.47436 0.000124682827531 0.000001601867962
11.56410 0.000061548283947 0.000001125463379
11.65385 0.000030639622184 0.000000794081534
11.74359 0.000012682698863 0.000000510892156
11.83333 0.000004604335481 0.000000307827116
11.92308 0.000001407296080 0.000000170182984
12.01282 0.000000550532603 0.000000106442463
12.10256 0.000000072787879 0.000000038703739
12.19231 0.000000093802265 0.000000043936965
12.28205 0.000000000000000 0.000000000000000
12.37179 0.000000000000000 0.000000000000000
12.46154 0.000000000000000 0.000000000000000
12.55128 0.000000000000000 0.000000000000000
12.64103 0.000000000000000 0.000000000000000
12.73077 0.000000000000000 0.000000000000000
12.82051 0.000000000000000 0.000000000000000
12.91026 0.000000000000000 0.000000000000000
