9.50000 0.000000000000000 0.000000000000000
9.58974 0.000000000000000 0.000000000000000
9.67949 0.000000182460986 0.000000061278539
9.76923 0.000000000000000 0.000000000000000
9.85897 0.000000040963709 0.000000029035080
9.94872 0.000000082671347 0.000000041247810
10.03846 0.000000211185929 0.000000065925872
10.12821 0.000000522416264 0.000000103688774
10.21795 0.000000534417415 0.000000104873001
10.30769 0.000000592394366 0.000000110415198
10.39744 0.000001257933941 0.000000160898617
10.48718 0.000001803244015 0.000000192641852
10.57692 0.000003014471788 0.000000249074350
10.66667 0.000005436977722 0.000000334504659
10.75641 0.000019976758674 0.000000641188768
10.84615 0.000051615098834 0.000001030651348
10.93590 0.000091226273549 0.000001370198102
11.02564 0.000141670177163 0.000001707507471
11.11538 0.000245414435328 0.000002247364137
11.20513 0.000426485627344 0.000002962617569
11.29487 0.000372420552131 0.000002768472500
11.38462 0.000210607857697 0.000002081903903
11.47436 0.000122436194044 0.000001587370498
11.56410 0.000058431418762 0.000001096595880
11.65385 0.000028529323507 0.000000766247606
11.74359 0.000012418672201 0.000000505546346
11.83333 0.000005032949397 0.000000321836040
11.92308 0.000001316218171 0.000000164583895
12.01282 0.000000680126147 0.000000118309094
12.10256 0.000000295118316 0.000000077933015
12.19231 0.000000120566068 0.000000049812225
12.28205 0.000000000000000 0.000000000000000
12.37179 0.000000000000000 0.000000000000000
12.46154 0.000000000000000 0.000000000000000
12.55128 0.000000000000000 0.000000000000000
12.64103 0.000000000000000 0.000000000000000
12.73077 0.000000000000000 0.000000000000000
12.82051 0.000000000000000 0.000000000000000
12.91026 0.000000000000000 0.000000000000000
