9.50000 0.000000000000000 0.000000000000000
9.58974 0.000000064800003 0.000000036518330
9.67949 0.000000034525605 0.000000026655942
9.76923 0.000000000000000 0.000000000000000
9.85897 0.000000000000000 0.000000000000000
9.94872 0.000000035730938 0.000000027117247
10.03846 0.000000105735078 0.000000046647990
10.12821 0.000000192483694 0.000000062939077
10.21795 0.000000443169410 0.000000095501080
10.30769 0.000000726925986 0.000000122311838
10.39744 0.000000980593008 0.000000142058685
10.48718 0.000001860877150 0.000000195696134
10.57692 0.000001834627780 0.000000194310995
10.66667 0.000003998841547 0.000000286873540
10.75641 0.000013319041759 0.000000523552074
10.84615 0.000040155130490 0.000000909062860
10.93590 0.000078955756099 0.000001274721446
11.02564 0.000132335210269 0.000001650293161
11.11538 0.000250302932598 0.000002269636792
11.20513 0.000420531918082 0.000002941865926
11.29487 0.000362175753117 0.000002730128446
11.38462 0.000217720865665 0.000002116768774
11.47436 0.000121586581603 0.000001581853349
11.56410 0.000061190602423 0.000001122188357
11.65385 0.000030515762040 0.000000792474878
11.74359 0.000011670589746 0.000000490083178
11.83333 0.000004706966422 0.000000311238952
11.92308 0.000001721657671 0.000000188233447
12.01282 0.000000631862467 0.000000114034083
12.10256 0.000000664976732 0.000000116984041
12.19231 0.000000000000000 0.000000000000000
12.28205 0.000000086236468 0.000000042127809
12.37179 0.000000000000000 0.000000000000000
12.46154 0.000000000000000 0.000000000000000
12.55128 0.000000000000000 0.000000000000000
12.64103 0.000000000000000 0.000000000000000
12.73077 0.000000000000000 0.000000000000000
12.82051 0.000000000000000 0.000000000000000
12.91026 0.000000000000000 0.000000000000000
