9.50000 0.000000043147110 0.000000029798833
9.58974 0.000000000000000 0.000000000000000
9.67949 0.000000091121018 0.000000043304465
9.76923 0.000000000000000 0.000000000000000
9.85897 0.000000044227268 0.000000030169523
9.94872 0.000000130868433 0.000000051896832
10.03846 0.000000160165986 0.000000057412775
10.12821 0.000000331382116 0.000000082582481
10.21795 0.000000670835370 0.000000117498242
10.30769 0.000000923898798 0.000000137890896
10.39744 0.000000852215467 0.000000132433574
10.48718 0.000001252517233 0.000000160551826
10.57692 0.000002791622384 0.000000239691002
10.66667 0.000006140119466 0.000000355477244
10.75641 0.000018872151336 0.000000623209549
10.84615 0.000046360771393 0.000000976784413
10.93590 0.000079261403480 0.000001277186364
11.02564 0.000123653458652 0.000001595241827
11.11538 0.000173863015906 0.000001891589952
11.20513 0.000332862780123 0.000002617315108
11.29487 0.000441157131641 0.000003013145102
11.38462 0.000276712437944 0.000002386369746
11.47436 0.000161272518159 0.000001821812081
11.56410 0.000085311445189 0.000001325034065
11.65385 0.000040645064402 0.000000914591797
11.74359 0.000019149361506 0.000000627769979
11.83333 0.000007622233381 0.000000396063221
11.92308 0.000002181753855 0.000000211897713
12.01282 0.000000401103706 0.000000090855606
12.10256 0.000000801066359 0.000000128397817
12.19231 0.000000046494390 0.000000030933116
12.28205 0.000000000000000 0.000000000000000
12.37179 0.000000000000000 0.000000000000000
12.46154 0.000000000000000 0.000000000000000
12.55128 0.000000000000000 0.000000000000000
12.64103 0.000000000000000 0.000000000000000
12.73077 0.000000000000000 0.000000000000000
12.82051 0.000000000000000 0.000000000000000
12.91026 0.000000000000000 0.000000000000000
