9.50000 0.000000000000000 0.000000000000000
9.58974 0.000000000000000 0.000000000000000
9.67949 0.000000031511507 0.000000025465839
9.76923 0.000000000000000 0.000000000000000
9.85897 0.000000000000000 0.000000000000000
9.94872 0.000000031399960 0.000000025420726
10.03846 0.000000124855603 0.000000050690598
10.12821 0.000000138581589 0.000000053404292
10.21795 0.000000144838929 0.000000054596656
10.30769 0.000000197153721 0.000000063698013
10.39744 0.000000789634116 0.000000127478324
10.48718 0.000000857947607 0.000000132878213
10.57692 0.000001705146101 0.000000187328645
10.66667 0.000003136610478 0.000000254070176
10.75641 0.000009198019754 0.000000435081446
10.84615 0.000031236469167 0.000000801778419
10.93590 0.000068429990207 0.000001186715550
11.02564 0.000125543960082 0.000001607390162
11.11538 0.000235162399018 0.000002199922265
11.20513 0.000418475202732 0.000002934663147
11.29487 0.000354999017719 0.000002702943513
11.38462 0.000218590603153 0.000002120992527
11.47436 0.000122087451263 0.000001585108182
11.56410 0.000060954092600 0.000001120017554
11.65385 0.000028559639070 0.000000766654610
11.74359 0.000013091770670 0.000000519066007
11.83333 0.000003951527068 0.000000285171339
11.92308 0.000001877963374 0.000000196592503
12.01282 0.000000661062419 0.000000116639226
12.10256 0.000000221762893 0.000000067556608
12.19231 0.000000000000000 0.000000000000000
12.28205 0.000000036266864 0.000000027319855
12.37179 0.000000000000000 0.000000000000000
12.46154 0.000000103257318 0.000000046098184
12.55128 0.000000000000000 0.000000000000000
12.64103 0.000000000000000 0.000000000000000
12.73077 0.000000000000000 0.000000000000000
12.82051 0.000000000000000 0.000000000000000
12.91026 0.000000000000000 0.000000000000000
