9.50000 0.000000000000000 0.000000000000000
9.58974 0.000000000000000 0.000000000000000
9.67949 0.000000000000000 0.000000000000000
9.76923 0.000000000000000 0.000000000000000
9.85897 0.000000000000000 0.000000000000000
9.94872 0.000000000000000 0.000000000000000
10.03846 0.000000065705747 0.000000036772662
10.12821 0.000000029574232 0.000000024670624
10.21795 0.000000000000000 0.000000000000000
10.30769 0.000000149501218 0.000000055468415
10.39744 0.000000500819612 0.000000101522910
10.48718 0.000000656957062 0.000000116276483
10.57692 0.000001259551237 0.000000161002016
10.66667 0.000002447525790 0.000000224433164
10.75641 0.000007619586956 0.000000395994459
10.84615 0.000028123723705 0.000000760781258
10.93590 0.000083701808499 0.000001312474321
11.02564 0.000155254284012 0.000001787496460
11.11538 0.000261526269246 0.000002319962972
11.20513 0.000425681138508 0.000002959822026
11.29487 0.000354447689543 0.000002700843806
11.38462 0.000225062649152 0.000002152162735
11.47436 0.000126582234136 0.000001614023198
11.56410 0.000059274968585 0.000001104483063
11.65385 0.000030307888539 0.000000789771095
11.74359 0.000013256353543 0.000000522318530
11.83333 0.000004969187617 0.000000319790893
11.92308 0.000001674389516 0.000000185631486
12.01282 0.000000565585998 0.000000107887895
12.10256 0.000000062033569 0.000000035730309
12.19231 0.000000000000000 0.000000000000000
12.28205 0.000000212038535 0.000000066058817
12.37179 0.000000030444735 0.000000025031074
12.46154 0.000000000000000 0.000000000000000
12.55128 0.000000000000000 0.000000000000000
12.64103 0.000000000000000 0.000000000000000
12.73077 0.000000000000000 0.000000000000000
12.82051 0.000000000000000 0.000000000000000
12.91026 0.000000000000000 0.000000000000000
