9.50000 0.000000000000000 0.000000000000000
9.58974 0.000000030559821 0.000000025078341
9.67949 0.000000000000000 0.000000000000000
9.76923 0.000000000000000 0.000000000000000
9.85897 0.000000000000000 0.000000000000000
9.94872 0.000000000000000 0.000000000000000
10.03846 0.000000000000000 0.000000000000000
10.12821 0.000000000000000 0.000000000000000
10.21795 0.000000089889464 0.000000043010827
10.30769 0.000000059995068 0.000000035138334
10.39744 0.000000360300241 0.000000086110413
10.48718 0.000000775033320 0.000000126294251
10.57692 0.000001778028125 0.000000191290194
10.66667 0.000002677669418 0.000000234747985
10.75641 0.000007224706018 0.000000385596856
10.84615 0.000029100116434 0.000000773874894
10.93590 0.000074143290449 0.000001235262684
11.02564 0.000142649832809 0.000001713401045
11.11538 0.000239792101852 0.000002221471937
11.20513 0.000406290460181 0.000002891623241
11.29487 0.000353909350911 0.000002698791992
11.38462 0.000212101532083 0.000002089273505
11.47436 0.000125636083709 0.000001607979802
11.56410 0.000064243123521 0.000001149838162
11.65385 0.000028099722412 0.000000760456557
11.74359 0.000012533652847 0.000000507881303
11.83333 0.000004333811728 0.000000298647177
11.92308 0.000001644072228 0.000000183943244
12.01282 0.000000501922873 0.000000101634672
12.10256 0.000000220334491 0.000000067338686
12.19231 0.000000071017545 0.000000038230169
12.28205 0.000000000000000 0.000000000000000
12.37179 0.000000000000000 0.000000000000000
12.46154 0.000000063575187 0.000000036171558
12.55128 0.000000000000000 0.000000000000000
12.64103 0.000000000000000 0.000000000000000
12.73077 0.000000000000000 0.000000000000000
12.82051 0.000000000000000 0.000000000000000
12.91026 0.000000000000000 0.000000000000000
