9.50000 0.000000000000000 0.000000000000000
9.58974 0.000000000000000 0.000000000000000
9.67949 0.000000000000000 0.000000000000000
9.76923 0.000000000000000 0.000000000000000
9.85897 0.000000000000000 0.000000000000000
9.94872 0.000000000000000 0.000000000000000
10.03846 0.000000000000000 0.000000000000000
10.12821 0.000000000000000 0.000000000000000
10.21795 0.000000027915671 0.000000023968863
10.30769 0.000000117135024 0.000000049098337
10.39744 0.000000215523740 0.000000066599497
10.48718 0.000000535056629 0.000000104935701
10.57692 0.000000709676214 0.000000120851910
10.66667 0.000002570801250 0.000000230015787
10.75641 0.000008345404843 0.000000414426100
10.84615 0.000031846642438 0.000000809571517
10.93590 0.000101700019717 0.000001446718092
11.02564 0.000226742263918 0.000002160178470
11.11538 0.000342154211941 0.000002653593162
11.20513 0.000393725213926 0.000002846557808
11.29487 0.000318847554828 0.000002561621381
11.38462 0.000200094024480 0.000002029272891
11.47436 0.000114099551013 0.000001532376072
11.56410 0.000057699465482 0.000001089705867
11.65385 0.000025053687935 0.000000718057505
11.74359 0.000010329547231 0.000000461066997
11.83333 0.000004576762316 0.000000306904017
11.92308 0.000001302293436 0.000000163710984
12.01282 0.000000571381304 0.000000108439225
12.10256 0.000000211184766 0.000000065925690
12.19231 0.000000039549361 0.000000028529432
12.28205 0.000000074597261 0.000000039181841
12.37179 0.000000000000000 0.000000000000000
12.46154 0.000000026072337 0.000000023163990
12.55128 0.000000025727919 0.000000023010482
12.64103 0.000000028964429 0.000000024414952
12.73077 0.000000000000000 0.000000000000000
12.82051 0.000000000000000 0.000000000000000
12.91026 0.000000000000000 0.000000000000000
