9.50000 0.000000000000000 0.000000000000000
9.58974 0.000000000000000 0.000000000000000
9.67949 0.000000000000000 0.000000000000000
9.76923 0.000000000000000 0.000000000000000
9.85897 0.000000000000000 0.000000000000000
9.94872 0.000000000000000 0.000000000000000
10.03846 0.000000000000000 0.000000000000000
10.12821 0.000000000000000 0.000000000000000
10.21795 0.000000000000000 0.000000000000000
10.30769 0.000000000000000 0.000000000000000
10.39744 0.000000045921541 0.000000030741965
10.48718 0.000000094318581 0.000000044057720
10.57692 0.000000216294045 0.000000066718408
10.66667 0.000001313219225 0.000000164396289
10.75641 0.000004300114569 0.000000297483860
10.84615 0.000009619115551 0.000000444929258
10.93590 0.000019249083121 0.000000629402434
11.02564 0.000046633931081 0.000000979657815
11.11538 0.000092947219441 0.000001383061828
11.20513 0.000121317309846 0.000001580100752
11.29487 0.000121049278046 0.000001578354293
11.38462 0.000091946956643 0.000001375599704
11.47436 0.000060646507035 0.000001117188072
11.56410 0.000032402604350 0.000000816607479
11.65385 0.000014657430311 0.000000549227549
11.74359 0.000006320747819 0.000000360668012
11.83333 0.000002472195876 0.000000225561427
11.92308 0.000000807032463 0.000000128875065
12.01282 0.000000184847863 0.000000061678047
12.10256 0.000000230891864 0.000000068933084
12.19231 0.000000022000885 0.000000021278621
12.28205 0.000000021584704 0.000000021076400
12.37179 0.000000000000000 0.000000000000000
12.46154 0.000000000000000 0.000000000000000
12.55128 0.000000000000000 0.000000000000000
12.64103 0.000000000000000 0.000000000000000
12.73077 0.000000000000000 0.000000000000000
12.82051 0.000000000000000 0.000000000000000
12.91026 0.000000000000000 0.000000000000000
