9.50000 0.000000000000000 0.000000000000000
9.58974 0.000000033888006 0.000000026408662
9.67949 0.000000000000000 0.000000000000000
9.76923 0.000000070198875 0.000000038009177
9.85897 0.000000034226472 0.000000026540216
9.94872 0.000000147282713 0.000000055055319
10.03846 0.000000000000000 0.000000000000000
10.12821 0.000000000000000 0.000000000000000
10.21795 0.000000274539558 0.000000075166765
10.30769 0.000000702401192 0.000000120230877
10.39744 0.000000827622135 0.000000130508694
10.48718 0.000001718584981 0.000000188065399
10.57692 0.000001666636563 0.000000185201221
10.66667 0.000004363579162 0.000000299671074
10.75641 0.000011834067700 0.000000493503706
10.84615 0.000033437601024 0.000000829546910
10.93590 0.000072057503338 0.000001217763630
11.02564 0.000129025843881 0.000001629527703
11.11538 0.000248714303003 0.000002262422831
11.20513 0.000434329999259 0.000002989739213
11.29487 0.000364557882227 0.000002739092132
11.38462 0.000219062065106 0.000002123278601
11.47436 0.000119795239568 0.000001570157342
11.56410 0.000065357950692 0.000001159771967
11.65385 0.000029469820679 0.000000778775250
11.74359 0.000012815963813 0.000000513569271
11.83333 0.000004454185691 0.000000302766314
11.92308 0.000001633013446 0.000000183323557
12.01282 0.000000562765216 0.000000107618521
12.10256 0.000000104890092 0.000000046461222
12.19231 0.000000152959998 0.000000056106390
12.28205 0.000000035433781 0.000000027004251
12.37179 0.000000035068353 0.000000026864643
12.46154 0.000000000000000 0.000000000000000
12.55128 0.000000000000000 0.000000000000000
12.64103 0.000000000000000 0.000000000000000
12.73077 0.000000000000000 0.000000000000000
12.82051 0.000000000000000 0.000000000000000
12.91026 0.000000000000000 0.000000000000000
