9.50000 0.000000000000000 0.000000000000000
9.58974 0.000000000000000 0.000000000000000
9.67949 0.000000029051610 0.000000024451668
9.76923 0.000000000000000 0.000000000000000
9.85897 0.000000000000000 0.000000000000000
9.94872 0.000000000000000 0.000000000000000
10.03846 0.000000000000000 0.000000000000000
10.12821 0.000000000000000 0.000000000000000
10.21795 0.000000029455659 0.000000024621118
10.30769 0.000000028847438 0.000000024365595
10.39744 0.000000121672848 0.000000050040338
10.48718 0.000000467875782 0.000000098127035
10.57692 0.000001165413721 0.000000154868630
10.66667 0.000002132407906 0.000000209487704
10.75641 0.000007574578604 0.000000394823171
10.84615 0.000028932852383 0.000000771647618
10.93590 0.000088404397699 0.000001348839666
11.02564 0.000182754663225 0.000001939356400
11.11538 0.000292151797326 0.000002452040704
11.20513 0.000407732740855 0.000002896751145
11.29487 0.000338160556225 0.000002638061213
11.38462 0.000214831334587 0.000002102675272
11.47436 0.000111902680740 0.000001517552203
11.56410 0.000057013952722 0.000001083213265
11.65385 0.000029979968853 0.000000785486966
11.74359 0.000011135558015 0.000000478717591
11.83333 0.000004372022314 0.000000299960852
11.92308 0.000001869986785 0.000000196174549
12.01282 0.000000317661068 0.000000080854722
12.10256 0.000000245390740 0.000000071064463
12.19231 0.000000073583608 0.000000038914722
12.28205 0.000000000000000 0.000000000000000
12.37179 0.000000032033560 0.000000025675919
12.46154 0.000000000000000 0.000000000000000
12.55128 0.000000029858889 0.000000024789069
12.64103 0.000000000000000 0.000000000000000
12.73077 0.000000000000000 0.000000000000000
12.82051 0.000000000000000 0.000000000000000
12.91026 0.000000000000000 0.000000000000000
