9.50000 0.000000000000000 0.000000000000000
9.58974 0.000000000000000 0.000000000000000
9.67949 0.000000000000000 0.000000000000000
9.76923 0.000000000000000 0.000000000000000
9.85897 0.000000000000000 0.000000000000000
9.94872 0.000000000000000 0.000000000000000
10.03846 0.000000000000000 0.000000000000000
10.12821 0.000000000000000 0.000000000000000
10.21795 0.000000000000000 0.000000000000000
10.30769 0.000000000000000 0.000000000000000
10.39744 0.000000000000000 0.000000000000000
10.48718 0.000000000000000 0.000000000000000
10.57692 0.000000138130528 0.000000053317310
10.66667 0.000000512181792 0.000000102668085
10.75641 0.000003819037292 0.000000280349860
10.84615 0.000009133454604 0.000000433551738
10.93590 0.000012910152028 0.000000515453001
11.02564 0.000019878857467 0.000000639615683
11.11538 0.000028474884463 0.000000765516189
11.20513 0.000039783578004 0.000000904847340
11.29487 0.000049865548492 0.000001013033236
11.38462 0.000043087754283 0.000000941673445
11.47436 0.000032530531294 0.000000818217892
11.56410 0.000018622220345 0.000000619069096
11.65385 0.000010537472395 0.000000465684324
11.74359 0.000004768466947 0.000000313265654
11.83333 0.000001719341120 0.000000188106767
11.92308 0.000000555720080 0.000000106942772
12.01282 0.000000164450217 0.000000058175566
12.10256 0.000000271092730 0.000000074693417
12.19231 0.000000021053186 0.000000020815282
12.28205 0.000000021527924 0.000000021048661
12.37179 0.000000020836838 0.000000020708055
12.46154 0.000000022317176 0.000000021431028
12.55128 0.000000000000000 0.000000000000000
12.64103 0.000000000000000 0.000000000000000
12.73077 0.000000000000000 0.000000000000000
12.82051 0.000000000000000 0.000000000000000
12.91026 0.000000000000000 0.000000000000000
