9.50000 0.000000000000000 0.000000000000000
9.58974 0.000000000000000 0.000000000000000
9.67949 0.000000000000000 0.000000000000000
9.76923 0.000000024028347 0.000000022237468
9.85897 0.000000067129391 0.000000037168903
9.94872 0.000000000000000 0.000000000000000
10.03846 0.000000000000000 0.000000000000000
10.12821 0.000000000000000 0.000000000000000
10.21795 0.000000000000000 0.000000000000000
10.30769 0.000000000000000 0.000000000000000
10.39744 0.000000000000000 0.000000000000000
10.48718 0.000000000000000 0.000000000000000
10.57692 0.000000081955521 0.000000041068846
10.66667 0.000000388197167 0.000000089381899
10.75641 0.000001893350532 0.000000197396254
10.84615 0.000007542101087 0.000000393975820
10.93590 0.000012682819469 0.000000510894585
11.02564 0.000015621661939 0.000000567005161
11.11538 0.000020447412614 0.000000648698023
11.20513 0.000031460015391 0.000000804642300
11.29487 0.000040472675819 0.000000912650200
11.38462 0.000034811970042 0.000000846423465
11.47436 0.000027511473397 0.000000752454630
11.56410 0.000015487570767 0.000000564566424
11.65385 0.000008478020003 0.000000417705903
11.74359 0.000003017147364 0.000000249184862
11.83333 0.000001680349679 0.000000185961580
11.92308 0.000000499637398 0.000000101403014
12.01282 0.000000132471119 0.000000052213643
12.10256 0.000000102910099 0.000000046020612
12.19231 0.000000000000000 0.000000000000000
12.28205 0.000000000000000 0.000000000000000
12.37179 0.000000000000000 0.000000000000000
12.46154 0.000000000000000 0.000000000000000
12.55128 0.000000000000000 0.000000000000000
12.64103 0.000000000000000 0.000000000000000
12.73077 0.000000000000000 0.000000000000000
12.82051 0.000000000000000 0.000000000000000
12.91026 0.000000000000000 0.000000000000000
