9.50000 0.000000000000000 0.000000000000000
9.58974 0.000000000000000 0.000000000000000
9.67949 0.000000023663579 0.000000022068032
9.76923 0.000000000000000 0.000000000000000
9.85897 0.000000000000000 0.000000000000000
9.94872 0.000000000000000 0.000000000000000
10.03846 0.000000000000000 0.000000000000000
10.12821 0.000000000000000 0.000000000000000
10.21795 0.000000000000000 0.000000000000000
10.30769 0.000000000000000 0.000000000000000
10.39744 0.000000000000000 0.000000000000000
10.48718 0.000000000000000 0.000000000000000
10.57692 0.000000203171761 0.000000064662883
10.66667 0.000000964041868 0.000000140854700
10.75641 0.000003595812366 0.000000272033197
10.84615 0.000009282144569 0.000000437066538
10.93590 0.000016142323399 0.000000576376700
11.02564 0.000025709736569 0.000000727398176
11.11538 0.000049895265421 0.000001013335045
11.20513 0.000073803205813 0.000001232426442
11.29487 0.000077403020114 0.000001262124936
11.38462 0.000068119649868 0.000001184021525
11.47436 0.000047643405674 0.000000990204267
11.56410 0.000027942443179 0.000000758325364
11.65385 0.000011867947574 0.000000494209630
11.74359 0.000005711927305 0.000000342858349
11.83333 0.000002003872394 0.000000203075918
11.92308 0.000000799780415 0.000000128294718
12.01282 0.000000295381239 0.000000077967722
12.10256 0.000000264806463 0.000000073822319
12.19231 0.000000074034492 0.000000039033765
12.28205 0.000000064230188 0.000000036357414
12.37179 0.000000000000000 0.000000000000000
12.46154 0.000000045109152 0.000000030468827
12.55128 0.000000000000000 0.000000000000000
12.64103 0.000000000000000 0.000000000000000
12.73077 0.000000000000000 0.000000000000000
12.82051 0.000000000000000 0.000000000000000
12.91026 0.000000000000000 0.000000000000000
