9.50000 0.000000000000000 0.000000000000000
9.58974 0.000000000000000 0.000000000000000
9.67949 0.000000000000000 0.000000000000000
9.76923 0.000000038558464 0.000000028169767
9.85897 0.000000077835367 0.000000040023207
9.94872 0.000000099420914 0.000000045233716
10.03846 0.000000120443503 0.000000049786900
10.12821 0.000000244949811 0.000000071000588
10.21795 0.000000278458235 0.000000075701316
10.30769 0.000000498392569 0.000000101276614
10.39744 0.000001670381075 0.000000185409155
10.48718 0.000001591276690 0.000000180965691
10.57692 0.000001998783084 0.000000202817874
10.66667 0.000005839597409 0.000000346668872
10.75641 0.000017991191796 0.000000608489881
10.84615 0.000050219936781 0.000001016626614
10.93590 0.000089234146861 0.000001355154876
11.02564 0.000138795136151 0.000001690092668
11.11538 0.000245861152230 0.000002249408596
11.20513 0.000438335732676 0.000003003494436
11.29487 0.000383952517902 0.000002811008469
11.38462 0.000239275277518 0.000002219076674
11.47436 0.000125504337653 0.000001607136491
11.56410 0.000063377020016 0.000001142061001
11.65385 0.000027203486600 0.000000748230968
11.74359 0.000012317904396 0.000000503491112
11.83333 0.000004489534172 0.000000303965319
11.92308 0.000001820912855 0.000000193583338
12.01282 0.000000599434083 0.000000111069319
12.10256 0.000000077692588 0.000000039986481
12.19231 0.000000051921780 0.000000032688740
12.28205 0.000000000000000 0.000000000000000
12.37179 0.000000000000000 0.000000000000000
12.46154 0.000000000000000 0.000000000000000
12.55128 0.000000000000000 0.000000000000000
12.64103 0.000000000000000 0.000000000000000
12.73077 0.000000000000000 0.000000000000000
12.82051 0.000000000000000 0.000000000000000
12.91026 0.000000000000000 0.000000000000000
