9.50000 0.000000000000000 0.000000000000000
9.58974 0.000000002987582 0.000000002433856
9.67949 0.000000005906294 0.000000003422098
9.76923 0.000000003005072 0.000000002440970
9.85897 0.000000002969704 0.000000002426563
9.94872 0.000000007374282 0.000000003823797
10.03846 0.000000044930866 0.000000009438594
10.12821 0.000000052737748 0.000000010225763
10.21795 0.000000046663810 0.000000009618892
10.30769 0.000000113847685 0.000000015024396
10.39744 0.000000315183452 0.000000024998654
10.48718 0.000000624006487 0.000000035174625
10.57692 0.000001187778015 0.000000048529137
10.66667 0.000002726156041 0.000000073520810
10.75641 0.000007962901481 0.000000125652346
10.84615 0.000030270977658 0.000000244989884
10.93590 0.000086545154697 0.000000414244078
11.02564 0.000172061704941 0.000000584086327
11.11538 0.000278448025162 0.000000743031114
11.20513 0.000413586713650 0.000000905562059
11.29487 0.000346355590620 0.000000828697503
11.38462 0.000212088315281 0.000000648475093
11.47436 0.000120020542601 0.000000487823505
11.56410 0.000059583615643 0.000000343714897
11.65385 0.000028801509463 0.000000238969543
11.74359 0.000012088792516 0.000000154819760
11.83333 0.000004636871484 0.000000095884290
11.92308 0.000001580177269 0.000000055974192
12.01282 0.000000463390084 0.000000030311561
12.10256 0.000000151208483 0.000000017315020
12.19231 0.000000068955266 0.000000011692803
12.28205 0.000000037021292 0.000000008567630
12.37179 0.000000012385801 0.000000004955608
12.46154 0.000000026381498 0.000000007232437
12.55128 0.000000003054853 0.000000002461105
12.64103 0.000000000000000 0.000000000000000
12.73077 0.000000000000000 0.000000000000000
12.82051 0.000000000000000 0.000000000000000
12.91026 0.000000000000000 0.000000000000000
