9.50000 0.000000000000000 0.000000000000000
9.58974 0.000000000000000 0.000000000000000
9.67949 0.000000000000000 0.000000000000000
9.76923 0.000000054046370 0.000000033350831
9.85897 0.000000000000000 0.000000000000000
9.94872 0.000000243275000 0.000000070757444
10.03846 0.000000053924508 0.000000033313211
10.12821 0.000000484158073 0.000000099819866
10.21795 0.000000751984792 0.000000124402160
10.30769 0.000001243918465 0.000000159999767
10.39744 0.000001709180790 0.000000187550141
10.48718 0.000002574274649 0.000000230171122
10.57692 0.000003935541989 0.000000284593954
10.66667 0.000009854285836 0.000000450335280
10.75641 0.000025346218357 0.000000722237410
10.84615 0.000056634989482 0.000001079607284
10.93590 0.000083934261640 0.000001314295531
11.02564 0.000114943715400 0.000001538034260
11.11538 0.000154920255259 0.000001785572530
11.20513 0.000265316385036 0.000002336713296
11.29487 0.000408067380152 0.000002897939630
11.38462 0.000289307017664 0.000002440073331
11.47436 0.000159319103238 0.000001810745108
11.56410 0.000088389702109 0.000001348727551
11.65385 0.000041521712962 0.000000924402316
11.74359 0.000020176168169 0.000000644381018
11.83333 0.000007597053497 0.000000395408487
11.92308 0.000003399430123 0.000000264500473
12.01282 0.000001070262712 0.000000148411854
12.10256 0.000000182728359 0.000000061323421
12.19231 0.000000354498093 0.000000085414253
12.28205 0.000000000000000 0.000000000000000
12.37179 0.000000000000000 0.000000000000000
12.46154 0.000000000000000 0.000000000000000
12.55128 0.000000000000000 0.000000000000000
12.64103 0.000000000000000 0.000000000000000
12.73077 0.000000000000000 0.000000000000000
12.82051 0.000000000000000 0.000000000000000
12.91026 0.000000000000000 0.000000000000000
