9.50000 0.000000000000000 0.000000000000000
9.58974 0.000000000000000 0.000000000000000
9.67949 0.000000000000000 0.000000000000000
9.76923 0.000000000000000 0.000000000000000
9.85897 0.000000000000000 0.000000000000000
9.94872 0.000000000000000 0.000000000000000
10.03846 0.000000000000000 0.000000000000000
10.12821 0.000000000000000 0.000000000000000
10.21795 0.000000000000000 0.000000000000000
10.30769 0.000000023684075 0.000000022077587
10.39744 0.000000026624955 0.000000023408190
10.48718 0.000000173556021 0.000000059764493
10.57692 0.000000636100710 0.000000114415888
10.66667 0.000001388234177 0.000000169026485
10.75641 0.000004733907112 0.000000312128381
10.84615 0.000012438524131 0.000000505950257
10.93590 0.000030998079887 0.000000798713069
11.02564 0.000078976640427 0.000001274890021
11.11538 0.000143031915811 0.000001715694156
11.20513 0.000174835397263 0.000001896872221
11.29487 0.000185198452157 0.000001952279843
11.38462 0.000144447582804 0.000001724163843
11.47436 0.000086079155142 0.000001330982643
11.56410 0.000045271198321 0.000000965237951
11.65385 0.000022694149598 0.000000683408460
11.74359 0.000009091762403 0.000000432561072
11.83333 0.000003423043956 0.000000265417548
11.92308 0.000001143387593 0.000000153398153
12.01282 0.000000273142665 0.000000074975292
12.10256 0.000000223506065 0.000000067821603
12.19231 0.000000040165754 0.000000028750894
12.28205 0.000000052636531 0.000000032912966
12.37179 0.000000022966518 0.000000021740572
12.46154 0.000000000000000 0.000000000000000
12.55128 0.000000000000000 0.000000000000000
12.64103 0.000000000000000 0.000000000000000
12.73077 0.000000000000000 0.000000000000000
12.82051 0.000000000000000 0.000000000000000
12.91026 0.000000000000000 0.000000000000000
