9.50000 0.000000000000000 0.000000000000000
9.58974 0.000000033938152 0.000000026428194
9.67949 0.000000000000000 0.000000000000000
9.76923 0.000000000000000 0.000000000000000
9.85897 0.000000000000000 0.000000000000000
9.94872 0.000000034552846 0.000000026666456
10.03846 0.000000069763911 0.000000037891239
10.12821 0.000000175682848 0.000000060129567
10.21795 0.000000145759100 0.000000054769810
10.30769 0.000000435288609 0.000000094648132
10.39744 0.000000683667915 0.000000118616743
10.48718 0.000001766269056 0.000000190656591
10.57692 0.000001529821742 0.000000177436846
10.66667 0.000003134927515 0.000000254002006
10.75641 0.000012806279366 0.000000513375194
10.84615 0.000036909049583 0.000000871545019
10.93590 0.000072459421631 0.000001221155095
11.02564 0.000131269364804 0.000001643633885
11.11538 0.000250002350426 0.000002268273609
11.20513 0.000427568702129 0.000002966377018
11.29487 0.000370986481409 0.000002763137114
11.38462 0.000220956518982 0.000002132439918
11.47436 0.000121373092501 0.000001580463982
11.56410 0.000063066790522 0.000001139262387
11.65385 0.000029814283149 0.000000783313443
11.74359 0.000010976981434 0.000000475296766
11.83333 0.000005176766166 0.000000326401893
11.92308 0.000001972558702 0.000000201482978
12.01282 0.000000702998377 0.000000120281976
12.10256 0.000000275523670 0.000000075301365
12.19231 0.000000035127898 0.000000026887441
12.28205 0.000000078747836 0.000000040257121
12.37179 0.000000000000000 0.000000000000000
12.46154 0.000000000000000 0.000000000000000
12.55128 0.000000000000000 0.000000000000000
12.64103 0.000000000000000 0.000000000000000
12.73077 0.000000000000000 0.000000000000000
12.82051 0.000000000000000 0.000000000000000
12.91026 0.000000000000000 0.000000000000000
