9.50000 0.000000000000000 0.000000000000000
9.58974 0.000000000000000 0.000000000000000
9.67949 0.000000000000000 0.000000000000000
9.76923 0.000000000000000 0.000000000000000
9.85897 0.000000000000000 0.000000000000000
9.94872 0.000000000000000 0.000000000000000
10.03846 0.000000000000000 0.000000000000000
10.12821 0.000000000000000 0.000000000000000
10.21795 0.000000000000000 0.000000000000000
10.30769 0.000000000000000 0.000000000000000
10.39744 0.000000055294285 0.000000033733664
10.48718 0.000000023038556 0.000000021774642
10.57692 0.000000073971717 0.000000039017213
10.66667 0.000000572994949 0.000000108592240
10.75641 0.000003329795388 0.000000261777411
10.84615 0.000008967313724 0.000000429590408
10.93590 0.000014782650611 0.000000551568620
11.02564 0.000023440621318 0.000000694557097
11.11538 0.000036853268416 0.000000870886181
11.20513 0.000057601172904 0.000001088777300
11.29487 0.000064427462776 0.000001151486653
11.38462 0.000055355445921 0.000001067341930
11.47436 0.000039941913276 0.000000906646160
11.56410 0.000024001760277 0.000000702821342
11.65385 0.000011733014011 0.000000491392121
11.74359 0.000004214323872 0.000000294501389
11.83333 0.000002259503362 0.000000215640281
11.92308 0.000000767505679 0.000000125679427
12.01282 0.000000345061696 0.000000084269763
12.10256 0.000000081660746 0.000000040994922
12.19231 0.000000034351652 0.000000026588706
12.28205 0.000000020806138 0.000000020692794
12.37179 0.000000000000000 0.000000000000000
12.46154 0.000000000000000 0.000000000000000
12.55128 0.000000023208584 0.000000021854844
12.64103 0.000000000000000 0.000000000000000
12.73077 0.000000000000000 0.000000000000000
12.82051 0.000000000000000 0.000000000000000
12.91026 0.000000000000000 0.000000000000000
