9.50000 0.000000000000000 0.000000000000000
9.58974 0.000000000000000 0.000000000000000
9.67949 0.000000000000000 0.000000000000000
9.76923 0.000000000000000 0.000000000000000
9.85897 0.000000000000000 0.000000000000000
9.94872 0.000000000000000 0.000000000000000
10.03846 0.000000000000000 0.000000000000000
10.12821 0.000000029443737 0.000000024616135
10.21795 0.000000000000000 0.000000000000000
10.30769 0.000000054092870 0.000000033365175
10.39744 0.000000000000000 0.000000000000000
10.48718 0.000000319810704 0.000000081127836
10.57692 0.000000328776280 0.000000082257145
10.66667 0.000001131471533 0.000000152596724
10.75641 0.000005085510505 0.000000323512207
10.84615 0.000016860149641 0.000000589052640
10.93590 0.000048765967112 0.000001001801816
11.02564 0.000133937493134 0.000001660253778
11.11538 0.000214393003173 0.000002100529078
11.20513 0.000260076645817 0.000002313524334
11.29487 0.000255304618808 0.000002292201171
11.38462 0.000179390397480 0.000001921423023
11.47436 0.000101202668184 0.000001443176257
11.56410 0.000053868152248 0.000001052905595
11.65385 0.000025355181708 0.000000722365104
11.74359 0.000009399334979 0.000000439816945
11.83333 0.000003854510143 0.000000281648855
11.92308 0.000001401709024 0.000000169844829
12.01282 0.000000158575719 0.000000057127042
12.10256 0.000000164216120 0.000000058134145
12.19231 0.000000023846204 0.000000022153024
12.28205 0.000000000000000 0.000000000000000
12.37179 0.000000024060579 0.000000022252378
12.46154 0.000000000000000 0.000000000000000
12.55128 0.000000078946468 0.000000040307860
12.64103 0.000000000000000 0.000000000000000
12.73077 0.000000000000000 0.000000000000000
12.82051 0.000000000000000 0.000000000000000
12.91026 0.000000000000000 0.000000000000000
