9.50000 0.000000000000000 0.000000000000000
9.58974 0.000000089310393 0.000000042872064
9.67949 0.000000044080654 0.000000030119476
9.76923 0.000000109891613 0.000000047556038
9.85897 0.000000403978846 0.000000091180655
9.94872 0.000000202713097 0.000000064589853
10.03846 0.000000509732040 0.000000102422261
10.12821 0.000000375202117 0.000000087873117
10.21795 0.000000357468952 0.000000085771412
10.30769 0.000000698256893 0.000000119875660
10.39744 0.000001242168932 0.000000159887210
10.48718 0.000001124357820 0.000000152116270
10.57692 0.000002856751444 0.000000242470899
10.66667 0.000005738115563 0.000000343643425
10.75641 0.000016960756290 0.000000590807502
10.84615 0.000047089950206 0.000000984436051
10.93590 0.000081951256085 0.000001298677156
11.02564 0.000114099250145 0.000001532374051
11.11538 0.000175790050685 0.000001902043915
11.20513 0.000314684726486 0.000002544844359
11.29487 0.000427695739411 0.000002966817664
11.38462 0.000274337924444 0.000002376108776
11.47436 0.000158640700109 0.000001806885792
11.56410 0.000088247481714 0.000001347642053
11.65385 0.000040543230979 0.000000913445355
11.74359 0.000020217579844 0.000000645041976
11.83333 0.000007610781818 0.000000395765589
11.92308 0.000002591490153 0.000000230939476
12.01282 0.000000544750347 0.000000105882004
12.10256 0.000000147476566 0.000000055091539
12.19231 0.000000047037993 0.000000031113422
12.28205 0.000000103221084 0.000000046090095
12.37179 0.000000000000000 0.000000000000000
12.46154 0.000000000000000 0.000000000000000
12.55128 0.000000000000000 0.000000000000000
12.64103 0.000000000000000 0.000000000000000
12.73077 0.000000000000000 0.000000000000000
12.82051 0.000000000000000 0.000000000000000
12.91026 0.000000000000000 0.000000000000000
