9.50000 0.000000000000000 0.000000000000000
9.58974 0.000000000000000 0.000000000000000
9.67949 0.000000000000000 0.000000000000000
9.76923 0.000000244253408 0.000000070899588
9.85897 0.000000064543712 0.000000036446041
9.94872 0.000000617003426 0.000000112685278
10.03846 0.000000343204705 0.000000084042703
10.12821 0.000001253438299 0.000000160610848
10.21795 0.000001384225478 0.000000168782266
10.30769 0.000004672754313 0.000000310105785
10.39744 0.000005282884631 0.000000329730376
10.48718 0.000008237261850 0.000000411732197
10.57692 0.000010119881143 0.000000456363708
10.66667 0.000023715204113 0.000000698613265
10.75641 0.000057699545538 0.000001089706623
10.84615 0.000076785759295 0.000001257082370
10.93590 0.000096433357263 0.000001408760083
11.02564 0.000118955962053 0.000001564647465
11.11538 0.000152715692814 0.000001772822388
11.20513 0.000219762633390 0.000002126671051
11.29487 0.000359325133543 0.000002719363048
11.38462 0.000284802758479 0.000002421003904
11.47436 0.000163311376846 0.000001833291877
11.56410 0.000096311224901 0.000001407867706
11.65385 0.000046540599688 0.000000978676999
11.74359 0.000022499550577 0.000000680472088
11.83333 0.000011642389811 0.000000489490719
11.92308 0.000003194358553 0.000000256398350
12.01282 0.000001374818088 0.000000168207754
12.10256 0.000000570953585 0.000000108398631
12.19231 0.000000000000000 0.000000000000000
12.28205 0.000000180968672 0.000000061027432
12.37179 0.000000000000000 0.000000000000000
12.46154 0.000000000000000 0.000000000000000
12.55128 0.000000000000000 0.000000000000000
12.64103 0.000000000000000 0.000000000000000
12.73077 0.000000000000000 0.000000000000000
12.82051 0.000000000000000 0.000000000000000
12.91026 0.000000000000000 0.000000000000000
