9.50000 0.000000000000000 0.000000000000000
9.58974 0.000000000000000 0.000000000000000
9.67949 0.000000000000000 0.000000000000000
9.76923 0.000000000000000 0.000000000000000
9.85897 0.000000000000000 0.000000000000000
9.94872 0.000000000000000 0.000000000000000
10.03846 0.000000000000000 0.000000000000000
10.12821 0.000000000000000 0.000000000000000
10.21795 0.000000078368040 0.000000040159924
10.30769 0.000000025816010 0.000000023049842
10.39744 0.000000054642646 0.000000033534301
10.48718 0.000000234875861 0.000000069525254
10.57692 0.000000637808900 0.000000114569411
10.66667 0.000001410045261 0.000000170349130
10.75641 0.000006445370324 0.000000364206197
10.84615 0.000024523110886 0.000000710413450
10.93590 0.000092174980497 0.000001377304357
11.02564 0.000218574336793 0.000002120913609
11.11538 0.000320075738418 0.000002566550253
11.20513 0.000381587286287 0.000002802336880
11.29487 0.000307967881956 0.000002517538421
11.38462 0.000195487727835 0.000002005779293
11.47436 0.000117761128370 0.000001556769711
11.56410 0.000055229341109 0.000001066125485
11.65385 0.000026784476391 0.000000742446176
11.74359 0.000010514561973 0.000000465177807
11.83333 0.000004224066996 0.000000294841623
11.92308 0.000001374391865 0.000000168181678
12.01282 0.000000448896483 0.000000096116179
12.10256 0.000000283839197 0.000000076429247
12.19231 0.000000129550589 0.000000051634870
12.28205 0.000000000000000 0.000000000000000
12.37179 0.000000000000000 0.000000000000000
12.46154 0.000000000000000 0.000000000000000
12.55128 0.000000057423312 0.000000034376963
12.64103 0.000000000000000 0.000000000000000
12.73077 0.000000000000000 0.000000000000000
12.82051 0.000000000000000 0.000000000000000
12.91026 0.000000000000000 0.000000000000000
