9.50000 0.000000000000000 0.000000000000000
9.58974 0.000000000000000 0.000000000000000
9.67949 0.000000000000000 0.000000000000000
9.76923 0.000000000000000 0.000000000000000
9.85897 0.000000000000000 0.000000000000000
9.94872 0.000000000000000 0.000000000000000
10.03846 0.000000028594487 0.000000024258534
10.12821 0.000000031780444 0.000000025574277
10.21795 0.000000061350286 0.000000035532985
10.30769 0.000000093262764 0.000000043810432
10.39744 0.000000289241018 0.000000077153092
10.48718 0.000000542079335 0.000000105622105
10.57692 0.000000727146993 0.000000122330429
10.66667 0.000002242073400 0.000000214806939
10.75641 0.000008225537574 0.000000411439079
10.84615 0.000029534755679 0.000000779632770
10.93590 0.000099303252865 0.000001429569031
11.02564 0.000210169576138 0.000002079736521
11.11538 0.000314288499390 0.000002543241717
11.20513 0.000416438269573 0.000002927512180
11.29487 0.000339849936536 0.000002644642608
11.38462 0.000205585079213 0.000002056928473
11.47436 0.000113488934086 0.000001528270227
11.56410 0.000056249563411 0.000001075927411
11.65385 0.000029810623970 0.000000783265373
11.74359 0.000011173985459 0.000000479542878
11.83333 0.000004943421120 0.000000318960717
11.92308 0.000001026578155 0.000000145351462
12.01282 0.000000508110511 0.000000102259222
12.10256 0.000000060865502 0.000000035392317
12.19231 0.000000108024040 0.000000047150207
12.28205 0.000000057909203 0.000000034522099
12.37179 0.000000028042172 0.000000024023109
12.46154 0.000000000000000 0.000000000000000
12.55128 0.000000000000000 0.000000000000000
12.64103 0.000000000000000 0.000000000000000
12.73077 0.000000000000000 0.000000000000000
12.82051 0.000000000000000 0.000000000000000
12.91026 0.000000000000000 0.000000000000000
