9.50000 0.000000000000000 0.000000000000000
9.58974 0.000000000000000 0.000000000000000
9.67949 0.000000000000000 0.000000000000000
9.76923 0.000000000000000 0.000000000000000
9.85897 0.000000000000000 0.000000000000000
9.94872 0.000000000000000 0.000000000000000
10.03846 0.000000131088291 0.000000051940407
10.12821 0.000000032184939 0.000000025736515
10.21795 0.000000031878921 0.000000025613870
10.30769 0.000000231492617 0.000000069022704
10.39744 0.000000422094562 0.000000093202653
10.48718 0.000000901223300 0.000000136188238
10.57692 0.000001335975727 0.000000165814566
10.66667 0.000003417449023 0.000000265200548
10.75641 0.000007874641118 0.000000402567564
10.84615 0.000031982216961 0.000000811292903
10.93590 0.000073130915188 0.000001226800370
11.02564 0.000125778665011 0.000001608891971
11.11538 0.000234468587902 0.000002196674598
11.20513 0.000400095516173 0.000002869493440
11.29487 0.000350107997863 0.000002684258951
11.38462 0.000213299693632 0.000002095166348
11.47436 0.000122096171965 0.000001585164793
11.56410 0.000063202814199 0.000001140490317
11.65385 0.000029190080453 0.000000775070201
11.74359 0.000011262501501 0.000000481438509
11.83333 0.000004511705895 0.000000304714966
11.92308 0.000001413755267 0.000000170573088
12.01282 0.000000353791715 0.000000085329111
12.10256 0.000000241287499 0.000000070467815
12.19231 0.000000000000000 0.000000000000000
12.28205 0.000000069505525 0.000000037821004
12.37179 0.000000000000000 0.000000000000000
12.46154 0.000000111458889 0.000000047893960
12.55128 0.000000000000000 0.000000000000000
12.64103 0.000000000000000 0.000000000000000
12.73077 0.000000000000000 0.000000000000000
12.82051 0.000000000000000 0.000000000000000
12.91026 0.000000000000000 0.000000000000000
