9.50000 0.000000066836417 0.000000037087706
9.58974 0.000000000000000 0.000000000000000
9.67949 0.000000000000000 0.000000000000000
9.76923 0.000000000000000 0.000000000000000
9.85897 0.000000000000000 0.000000000000000
9.94872 0.000000215017643 0.000000066521256
10.03846 0.000000158996367 0.000000057202762
10.12821 0.000000290218053 0.000000077283291
10.21795 0.000000413958560 0.000000092300027
10.30769 0.000000979293560 0.000000141964528
10.39744 0.000001484974016 0.000000174816661
10.48718 0.000001555385657 0.000000178913223
10.57692 0.000002444536915 0.000000224296085
10.66667 0.000004896477674 0.000000317442655
10.75641 0.000014369394651 0.000000543804291
10.84615 0.000044370971831 0.000000955592790
10.93590 0.000078145864879 0.000001268166846
11.02564 0.000136941884560 0.000001678771332
11.11538 0.000254944358273 0.000002290583336
11.20513 0.000434684489382 0.000002990959043
11.29487 0.000368053954015 0.000002752194597
11.38462 0.000229671303930 0.000002174086214
11.47436 0.000121121864475 0.000001578827447
11.56410 0.000065003079324 0.000001156619099
11.65385 0.000028801980955 0.000000769900450
11.74359 0.000012618345933 0.000000509594355
11.83333 0.000004432006189 0.000000302011565
11.92308 0.000001765428349 0.000000190611212
12.01282 0.000000594151585 0.000000110578839
12.10256 0.000000181500237 0.000000061116995
12.19231 0.000000039830539 0.000000028630668
12.28205 0.000000043286342 0.000000029846873
12.37179 0.000000000000000 0.000000000000000
12.46154 0.000000000000000 0.000000000000000
12.55128 0.000000000000000 0.000000000000000
12.64103 0.000000000000000 0.000000000000000
12.73077 0.000000000000000 0.000000000000000
12.82051 0.000000000000000 0.000000000000000
12.91026 0.000000000000000 0.000000000000000
